	-9.989848	-10.028700	-10.018120	-9.958104	-10.230082	-10.453223	-10.627141	-10.751556	-10.826278	-10.851197	-10.827658	-10.757073	-10.639540	-10.475227	-10.264382	-10.007350	-9.704586	-9.829267	-9.918441	-9.971991	-9.989848	-9.829377	-9.633696	-9.403116	-9.138039	-9.536084	-9.882944	-10.177665	-10.419570	-10.608168	-10.743110	-10.824165	-10.851197
	-9.989819	-9.774921	-9.637811	-9.958075	-9.848642	-9.689976	-9.482315	-9.226000	-8.921479	-8.569346	-8.868978	-9.123427	-9.332197	-9.494919	-9.611325	-9.681240	-9.704586	-9.829238	-9.918411	-9.971962	-9.989819	-9.829340	-9.633649	-9.403059	-9.138039	-9.252686	-9.314299	-9.322714	-9.277890	-9.179889	-9.028896	-8.825222	-8.569346
	-8.855290	-9.269898	-9.511462	-9.200035	-9.217063	-9.185070	-9.104088	-8.974273	-8.795892	-8.569346	-8.868978	-9.123427	-9.332197	-9.494918	-9.611325	-9.681240	-9.704557	-9.544571	-9.349458	-9.119560	-8.855290	-8.978866	-9.067257	-9.120339	-9.138039	-9.252685	-9.314299	-9.322714	-9.277890	-9.179889	-9.028896	-8.825222	-8.569346
	-8.855290	-9.018940	-9.133925	-9.200005	-8.841382	-8.683401	-8.727562	-8.723254	-8.670471	-8.569346	-8.546558	-8.478258	-8.364656	-8.528878	-8.964445	-9.356693	-9.704557	-9.544541	-9.349428	-9.119529	-8.855290	-8.978866	-9.067257	-9.120339	-9.138039	-9.252626	-9.314248	-9.322673	-9.277857	-9.179864	-9.028879	-8.825214	-8.569346
	-8.855260	-8.768544	-8.633474	-8.450416	-8.590911	-8.436490	-7.986671	-8.223199	-8.420103	-8.569325	-8.546537	-8.478237	-8.364635	-8.206112	-8.003214	-7.756838	-7.468354	-7.862575	-8.225963	-8.557185	-8.855260	-8.978844	-9.067242	-9.120332	-9.138039	-8.970646	-8.750944	-8.479529	-8.157223	-7.785137	-7.903788	-8.261893	-8.569325
	-8.855260	-8.519966	-8.262281	-8.450385	-8.219867	-7.942498	-7.979258	-7.974054	-8.295141	-8.569325	-8.225125	-7.837176	-8.051344	-8.206091	-8.003192	-7.756816	-7.468354	-7.862543	-8.225932	-8.557154	-8.855260	-8.978844	-9.067242	-9.120332	-9.138038	-8.970646	-8.750943	-8.479529	-8.157223	-7.785137	-7.903771	-8.261884	-8.569325
	-7.746371	-8.027284	-8.139339	-7.715427	-7.609482	-7.689205	-7.619223	-7.725400	-8.170318	-8.569325	-8.225125	-7.837176	-7.406579	-7.267484	-7.378960	-7.445987	-7.468333	-7.589835	-7.676758	-7.728965	-7.746371	-8.142043	-8.506678	-8.838992	-9.137969	-8.970567	-8.750853	-8.479426	-8.157106	-7.785005	-7.903771	-8.261884	-8.569325
	-7.746225	-7.783815	-7.773465	-7.715281	-7.354388	-7.456462	-7.607089	-7.493694	-6.959980	-6.389012	-6.978383	-7.533676	-7.406579	-7.267484	-7.378960	-7.445987	-7.468333	-7.589687	-7.676612	-7.728819	-7.746225	-8.141923	-8.506578	-8.838909	-9.137969	-8.690142	-8.194408	-7.654058	-7.074774	-7.496284	-7.364785	-6.898335	-6.389012
	-6.641439	-6.799402	-6.911386	-6.976902	-7.251552	-7.195612	-7.256794	-7.251272	-6.840366	-6.389012	-6.671552	-6.913013	-7.111963	-7.267300	-7.378777	-7.445805	-7.468311	-7.312415	-7.122384	-6.898573	-6.641439	-6.223223	-5.779517	-5.314846	-4.836851	-5.426990	-6.000453	-6.541098	-7.041153	-7.496258	-7.364785	-6.898335	-6.389012
	-6.641439	-6.565108	-6.560116	-6.976749	-6.995240	-6.966778	-7.235860	-7.011328	-6.721339	-6.389012	-6.671552	-6.913013	-7.111963	-7.267300	-7.378777	-7.445805	-7.468311	-7.312265	-7.122232	-6.898420	-6.641439	-6.223223	-5.779517	-5.314846	-4.836851	-5.426929	-6.000399	-6.541053	-7.041117	-7.496258	-7.364636	-6.898168	-6.389012
	-6.641284	-6.312721	-6.445092	-6.283608	-6.741581	-6.753628	-6.891486	-6.769661	-6.601830	-6.389011	-6.671364	-6.912826	-7.111778	-6.934750	-6.774717	-7.139792	-7.468173	-7.045140	-6.595733	-6.351574	-6.641284	-6.223032	-5.779279	-5.314543	-4.836845	-5.426929	-6.000399	-6.541053	-7.041117	-6.467885	-6.288965	-6.363965	-6.389011
	-6.641284	-6.110037	-6.110121	-6.283577	-6.413598	-6.703350	-6.539597	-6.534661	-6.484342	-6.389011	-6.671364	-6.912826	-7.111778	-6.934750	-6.774694	-7.139769	-7.468173	-7.045108	-6.595702	-6.351417	-6.641284	-6.223032	-5.779279	-5.314543	-4.836845	-5.190291	-5.502177	-5.769748	-5.990979	-6.164407	-6.288964	-6.363964	-6.389011
	-5.638566	-6.082091	-6.059996	-6.247808	-6.388815	-6.499133	-6.530257	-6.530221	-6.483022	-6.389011	-6.366329	-6.298889	-6.186617	-6.379304	-6.423588	-5.875732	-5.294844	-5.677049	-6.029766	-6.124449	-5.638566	-5.487384	-5.303120	-5.086127	-4.836845	-5.190289	-5.502176	-5.769747	-5.990978	-6.164406	-6.288810	-6.363794	-6.389011
	-5.638566	-5.894493	-5.938469	-6.247651	-6.130167	-6.483088	-6.233405	-6.067168	-6.249469	-6.388822	-6.366328	-6.298888	-6.186616	-6.379281	-6.423588	-5.875732	-5.294844	-5.676888	-6.029607	-6.124419	-5.638566	-5.487384	-5.303118	-5.086124	-4.836845	-5.190211	-5.502082	-5.769638	-5.990854	-6.164267	-6.288810	-6.363794	-6.388822
	-5.638540	-5.826435	-5.718651	-5.519553	-6.084254	-5.853635	-5.844506	-6.060708	-6.247908	-6.388822	-6.067580	-5.710878	-5.965694	-6.029714	-5.828471	-5.583296	-5.294841	-5.404843	-5.484137	-5.531974	-5.638540	-5.487350	-5.303078	-5.086076	-4.836788	-5.190211	-5.502081	-5.769638	-5.990854	-6.164267	-6.288734	-6.363756	-6.388822
	-5.638539	-5.225790	-5.487676	-5.519392	-5.297270	-5.585537	-5.827804	-5.832768	-6.131856	-6.388822	-6.067580	-5.710878	-5.965671	-6.029712	-5.828469	-5.583292	-5.294841	-5.404681	-5.483975	-5.531813	-5.638539	-5.487349	-5.303076	-5.086073	-4.836788	-5.189886	-5.501819	-5.769429	-5.990693	-6.164150	-6.288734	-6.363756	-6.388822
	-5.547959	-5.161333	-4.895340	-4.992494	-5.228097	-5.549947	-5.603814	-5.717906	-6.017026	-6.388819	-6.067389	-5.710686	-5.325254	-4.923038	-4.590012	-4.963296	-5.294683	-5.155354	-4.988487	-5.151313	-5.547959	-5.407397	-5.239203	-5.046916	-4.836788	-5.189886	-5.501819	-5.769429	-5.990693	-6.164150	-5.860259	-5.842003	-6.388819
	-5.547798	-5.115988	-4.876365	-4.992478	-5.056568	-5.121042	-5.494347	-5.611775	-5.901027	-6.388819	-6.067389	-5.710686	-5.325254	-4.923038	-4.590003	-4.963289	-5.294683	-5.155191	-4.988324	-5.151293	-5.547798	-5.407184	-5.238927	-5.046560	-4.836788	-4.972240	-5.065306	-5.119326	-5.139559	-5.133938	-5.266700	-5.842003	-6.388819
	-4.589223	-5.055157	-4.779950	-4.863647	-5.055624	-5.089227	-5.184649	-5.382846	-5.785905	-6.388819	-5.770674	-5.560361	-5.325064	-4.922855	-4.565851	-4.686187	-5.294678	-4.885130	-4.688664	-4.797699	-4.589223	-4.696861	-4.774404	-4.821163	-4.836788	-4.972237	-5.065304	-5.119324	-5.139559	-5.133938	-5.266700	-5.841792	-6.388819
	-4.589223	-4.761405	-4.695581	-4.863484	-4.720317	-4.762120	-5.099785	-5.358366	-5.278217	-5.083895	-5.225428	-5.560340	-5.325064	-4.922855	-4.564741	-4.686187	-5.294678	-4.884969	-4.688659	-4.797536	-4.589223	-4.696861	-4.774404	-4.821163	-4.836788	-4.971774	-5.064762	-5.118691	-5.138821	-5.133084	-5.266466	-5.328415	-5.083895
	-4.589062	-4.485312	-4.648251	-4.305776	-4.534577	-4.731239	-4.884761	-5.158753	-5.162499	-5.083894	-5.225414	-5.131097	-4.896812	-4.751746	-4.530686	-4.339689	-4.074044	-4.302350	-4.450926	-4.374904	-4.589062	-4.696746	-4.774330	-4.821126	-4.836784	-4.656904	-4.431544	-4.160346	-4.140429	-4.682837	-5.113694	-5.092719	-5.083894
	-4.589062	-4.451628	-4.553138	-4.305622	-4.412669	-4.551331	-4.846552	-5.095981	-5.087802	-5.083894	-5.063081	-5.000673	-4.895711	-4.750642	-4.530686	-4.338571	-4.074044	-4.302324	-4.450768	-4.374747	-4.589062	-4.696746	-4.774330	-4.821126	-4.836784	-4.656899	-4.431538	-4.160337	-4.140429	-4.682837	-5.113693	-5.092719	-5.083894
	-4.324450	-4.208625	-4.457674	-4.296524	-4.218077	-4.318455	-4.521379	-4.994697	-5.060764	-5.082797	-5.061984	-4.999574	-4.482273	-4.175923	-4.530524	-4.208881	-4.073973	-4.183302	-4.261644	-4.308741	-4.324450	-4.297495	-4.424262	-4.621041	-4.836784	-4.656564	-4.431257	-4.160106	-4.140174	-4.682583	-5.112724	-5.091658	-5.082797
	-4.323408	-4.136913	-4.339047	-4.295481	-3.917831	-3.900233	-4.005404	-3.420995	-2.800906	-2.755524	-2.733846	-3.231649	-3.722503	-4.175912	-4.530524	-4.208881	-4.073973	-4.182254	-4.260599	-4.307698	-4.323408	-4.296529	-4.423490	-4.620447	-4.836784	-4.445562	-4.021541	-3.780098	-3.843534	-3.482030	-3.077312	-2.698362	-2.755524
	-3.531279	-4.135003	-4.015032	-4.150034	-3.864242	-3.643345	-3.327334	-2.971270	-2.732575	-2.754106	-2.732415	-3.231633	-3.722489	-3.843553	-4.057736	-4.208774	-4.073965	-4.051225	-4.178954	-3.996905	-3.531279	-3.901937	-4.243888	-4.555845	-4.836784	-4.445557	-4.021533	-3.780098	-3.843524	-3.482018	-3.077297	-2.696978	-2.754106
	-3.531269	-4.012654	-3.904777	-4.149882	-3.809415	-3.563117	-2.917525	-2.663944	-2.705590	-2.754106	-2.705951	-2.669000	-2.797724	-3.421720	-4.057736	-4.208774	-4.073965	-4.051105	-4.178809	-3.996758	-3.531269	-3.901929	-4.243881	-4.555839	-4.836784	-4.445521	-4.021526	-3.779910	-3.843340	-3.481879	-3.077204	-2.696956	-2.754106
	-3.531161	-3.695044	-3.902437	-3.634943	-3.629104	-3.298781	-2.783893	-2.563941	-2.632047	-2.754073	-2.705933	-2.667564	-2.797724	-3.421720	-3.429477	-3.770075	-4.072916	-3.934069	-3.764261	-3.565615	-3.531161	-3.901837	-4.243803	-4.555773	-4.836389	-4.445521	-4.021526	-3.571681	-3.105276	-2.634566	-2.532850	-2.631752	-2.754073
	-3.531150	-3.558210	-3.765326	-3.633864	-3.352923	-3.097373	-2.666243	-2.527326	-2.577377	-2.149629	-2.572624	-2.222602	-2.650189	-3.054816	-3.428314	-3.768933	-4.072916	-3.933008	-3.763191	-3.564530	-3.531150	-3.901828	-4.243796	-4.555767	-4.836389	-4.445039	-4.020944	-3.571681	-3.105276	-2.634566	-2.531553	-2.631734	-2.149629
	-3.339974	-3.357967	-3.154858	-3.003615	-3.323910	-2.977438	-2.598366	-2.309616	-2.518226	-2.149605	-2.572595	-2.221311	-2.648958	-3.053625	-3.246062	-2.735674	-2.362737	-2.563452	-2.825591	-3.090813	-3.339974	-3.542114	-3.909463	-4.359184	-4.836389	-4.445039	-4.020944	-3.571657	-3.105197	-2.634404	-2.531532	-2.631688	-2.149605
	-3.339974	-3.267235	-3.153702	-3.002476	-2.855520	-2.773817	-2.573224	-2.306286	-2.354885	-2.149605	-2.140605	-2.216487	-2.561683	-2.413149	-2.279604	-2.341133	-2.362737	-2.562266	-2.824429	-3.089684	-3.339974	-3.542114	-3.909463	-4.359184	-4.836389	-4.269721	-3.838572	-3.571647	-3.105185	-2.634389	-2.174860	-2.465120	-2.149605
	-3.338871	-3.212849	-2.997149	-2.922634	-2.811232	-2.582770	-2.550416	-2.277344	-1.911836	-2.148387	-2.127249	-2.216487	-2.560238	-2.411690	-2.279604	-2.341133	-2.361642	-2.369284	-2.650740	-3.070087	-3.338871	-3.541143	-3.908732	-4.358651	-4.836389	-4.269682	-3.838572	-3.570979	-3.104433	-2.633561	-2.174860	-1.743930	-2.148387
	-3.338871	-3.118546	-2.984153	-2.922634	-2.670529	-2.404871	-2.338955	-2.193194	-1.795265	-2.148360	-1.784610	-2.118181	-2.082655	-2.177108	-2.225420	-2.148452	-2.361642	-2.368657	-2.650587	-3.070042	-3.338871	-3.541143	-3.908732	-4.358651	-4.836389	-4.269682	-3.838529	-3.570978	-3.104433	-2.633561	-2.174570	-1.743930	-2.148360
	-1.987412	-1.931197	-1.814534	-1.960208	-2.195355	-2.393422	-2.319413	-2.084490	-1.777697	-2.148360	-1.783232	-2.118144	-2.033715	-2.177108	-2.223941	-2.001802	-1.747509	-1.851011	-1.926366	-1.972102	-1.987412	-1.746820	-1.307375	-0.761424	-0.173093	-0.866008	-1.357632	-1.540313	-1.937242	-2.273512	-2.174553	-1.743451	-2.148360
	-1.985889	-1.806891	-1.694773	-1.958682	-1.687330	-2.042714	-2.134451	-2.024430	-1.773217	-1.360713	-1.722048	-2.115795	-2.033715	-2.056244	-2.063722	-2.000295	-1.747508	-1.849470	-1.924836	-1.970577	-1.985889	-1.745319	-1.305998	-0.760140	-0.173093	-0.866008	-1.357632	-1.539322	-1.936161	-2.272324	-2.173680	-1.743434	-1.360713
	-1.138411	-1.411900	-1.676290	-1.359158	-1.653194	-1.299117	-1.845992	-1.954209	-1.702324	-1.360713	-1.722048	-2.063910	-1.958419	-1.810893	-1.621470	-1.573897	-1.745963	-1.733909	-1.510734	-1.303428	-1.138411	-1.140601	-0.933060	-0.593355	-0.173093	-0.865696	-1.357482	-1.539301	-1.936140	-2.272303	-2.173680	-1.742577	-1.360713
	-1.138411	-1.346367	-1.594313	-1.357523	-1.149670	-1.089028	-1.367895	-1.867741	-1.691196	-1.360713	-1.624713	-1.849542	-1.515040	-1.063317	-1.190615	-1.573897	-1.745963	-1.733834	-1.510618	-1.301779	-1.138411	-1.140601	-0.933060	-0.593355	-0.173093	-0.632794	-1.098923	-1.408258	-0.971901	-0.971974	-1.800209	-1.742577	-1.360713
	-1.136715	-1.168768	-1.140193	-1.284739	-1.118589	-1.040858	-1.232694	-1.648312	-1.668431	-1.360697	-1.624713	-1.849542	-1.514997	-1.063317	-1.188940	-1.573757	-1.745962	-1.618405	-1.467927	-1.155351	-1.136715	-1.139094	-0.931833	-0.592355	-0.173093	-0.631927	-1.098004	-1.408178	-0.971658	-0.651829	-1.099233	-1.634887	-1.360697
	-1.136715	-1.097850	-1.036817	-1.284606	-0.895526	-0.920718	-0.989268	-1.212020	-1.609864	-1.360697	-1.565987	-1.059811	-1.044600	-0.936786	-1.141125	-1.573757	-1.745962	-1.616825	-1.466318	-1.155211	-1.136715	-1.139094	-0.931833	-0.592355	-0.173093	-0.631905	-1.097983	-1.408178	-0.971658	-0.651829	-1.099107	-1.634829	-1.360697
	-0.717837	-0.949016	-1.009289	-0.964635	-0.848690	-0.904944	-0.846881	-1.059253	-1.470705	-1.360697	-1.565965	-1.059811	-1.044600	-0.935015	-1.141125	-1.471608	-1.745940	-1.503688	-1.068364	-0.998469	-0.717837	-0.602091	-0.467506	-0.320530	-0.172259	-0.307467	-0.407513	-0.483779	-0.555341	-0.650264	-1.099090	-1.634815	-1.360697
	-0.717814	-0.756982	-0.848342	-0.962890	-0.832420	-0.848722	-0.775369	-0.914173	-1.167412	-1.359207	-1.149073	-0.964642	-0.771633	-0.827492	-1.140894	-1.470008	-1.745940	-1.503636	-1.068260	-0.996730	-0.717814	-0.602069	-0.467484	-0.320507	-0.172259	-0.307467	-0.407513	-0.483779	-0.555341	-0.650264	-0.807329	-1.043705	-1.359207
	-0.717682	-0.619184	-0.845229	-0.717675	-0.802368	-0.651656	-0.724901	-0.850668	-1.110018	-1.359207	-1.149073	-0.964619	-0.769780	-0.827443	-1.140894	-1.390399	-1.119142	-1.149330	-0.939536	-0.588164	-0.717682	-0.601887	-0.467246	-0.320202	-0.172259	-0.306508	-0.406417	-0.482525	-0.553919	-0.650223	-0.807329	-1.043704	-1.359207
	-0.717659	-0.540037	-0.759640	-0.717538	-0.759175	-0.601037	-0.600195	-0.801608	-1.076678	-1.359207	-1.053921	-0.781215	-0.357004	-0.566794	-1.090412	-1.111425	-1.119142	-1.148822	-0.939397	-0.587705	-0.717659	-0.601865	-0.467223	-0.320180	-0.172259	-0.306508	-0.406417	-0.482525	-0.553919	-0.650217	-0.805932	-1.042631	-1.359207
	-0.172374	-0.521032	-0.754985	-0.714845	-0.693585	-0.426677	-0.572380	-0.774238	-1.010886	-1.359191	-1.053921	-0.779386	-0.356982	-0.566794	-1.090412	-1.111425	-1.117927	-0.980083	-0.928929	-0.532501	-0.172374	-0.050947	-0.117457	-0.158433	-0.172259	-0.306108	-0.406031	-0.482183	-0.553683	-0.560653	-0.805930	-1.042620	-1.359191
	-0.172374	-0.396716	-0.563632	-0.714469	-0.657248	-0.340405	-0.288228	-0.721416	-1.003264	-1.359191	-0.999318	-0.708530	-0.323652	-0.566495	-0.450180	-0.804391	-1.117927	-0.978508	-0.927202	-0.532346	-0.172374	-0.050947	-0.117457	-0.158433	-0.172259	-0.306088	-0.406012	-0.482167	-0.553670	-0.560432	-0.805693	-1.042094	-1.359191
	-0.171752	-0.380982	-0.316095	-0.048059	-0.338777	-0.268386	-0.287253	-0.643329	-0.989235	-1.359191	-0.997642	-0.708530	-0.323652	-0.566495	-0.085542	0.693797	1.297940	0.890822	0.315565	-0.223200	-0.171752	-0.050798	-0.117366	-0.158389	-0.172237	0.000757	0.215931	0.318321	-0.058725	-0.560416	-0.805693	-1.042094	-1.359191
	-0.171751	0.084312	0.484520	-0.047890	0.065435	-0.256808	-0.072927	0.522441	1.322475	1.908951	1.362110	0.765985	0.082390	-0.055783	-0.085488	0.693856	1.297940	0.891006	0.315740	-0.223034	-0.171751	-0.050798	-0.117366	-0.158389	-0.172237	0.000757	0.215931	0.318877	-0.058674	-0.289188	0.487043	1.268361	1.908951
	0.037452	0.221453	0.521211	0.430237	0.156846	-0.253761	-0.018935	0.670138	1.342153	1.908951	1.429743	0.765985	0.082390	0.100221	0.562437	1.062134	1.298163	1.192662	0.739291	0.276570	0.037452	0.005652	0.034242	-0.042405	-0.172237	0.001507	0.216602	0.318878	-0.058366	-0.288826	0.487558	1.269142	1.908951
	0.037452	0.324432	0.620713	0.430995	0.261894	0.061969	0.183003	0.755787	1.352276	1.908951	1.429743	0.766482	0.082765	0.100221	0.562437	1.062134	1.298163	1.193550	0.740104	0.277298	0.037452	0.005662	0.034259	-0.042385	-0.172237	0.001507	0.216602	0.471956	-0.058353	-0.288826	0.487558	1.269142	1.908951
	0.037677	0.411551	0.828211	0.759710	0.408162	0.100929	0.333314	0.947428	1.538859	1.908997	1.430485	0.766482	0.082765	0.237782	0.789583	1.147373	1.496839	1.282462	1.066105	0.589327	0.037677	0.006313	0.034847	-0.041899	-0.172237	0.001901	0.216992	0.471956	0.766014	1.091724	1.434454	1.752182	1.908997
	0.037677	0.669566	0.926034	0.760102	0.433911	0.609455	0.582792	1.085422	1.565228	1.908997	1.430485	0.851126	0.378220	0.237802	0.789594	1.256304	1.496839	1.282508	1.066627	0.589666	0.037677	0.006322	0.034864	-0.041878	-0.172237	0.001924	0.217017	0.472559	0.766014	1.091724	1.434454	1.752183	1.908997
	1.311511	1.254916	1.040173	1.332741	0.970513	0.609556	0.988427	1.385394	1.758143	1.908997	1.913070	1.814271	1.630782	1.380548	1.189078	1.256306	1.497286	1.408389	1.359073	1.323474	1.311511	1.364720	0.817174	0.301668	-0.171849	0.219690	0.426331	0.472559	0.766558	1.092211	1.434874	1.752482	1.908997
	1.311958	1.282536	1.127523	1.333192	1.228281	1.174646	1.380216	1.583669	1.768736	1.910057	1.913116	1.814271	1.630782	1.486191	1.381936	1.318977	1.497286	1.409144	1.359527	1.323923	1.311958	1.364720	0.817174	0.301668	-0.171849	0.220497	0.427063	0.472954	0.766558	1.092211	1.434874	1.752482	1.910057
	1.704610	1.292724	1.289395	1.704319	1.412293	1.526471	1.619205	1.760560	1.972847	1.910057	1.977914	1.870240	1.680875	1.486191	1.381936	1.318977	1.497351	1.417386	1.483971	1.704724	1.704610	1.365365	0.817853	0.302411	-0.171849	0.220517	0.427076	0.472981	0.766970	1.092667	1.435428	1.753253	1.910057
	1.705740	1.518296	1.339829	1.705438	1.610470	1.570404	1.671259	1.828165	1.980098	1.910057	1.978137	1.870329	1.763162	1.650938	1.566417	1.514377	1.497351	1.417850	1.484200	1.705848	1.705740	1.365365	0.817853	0.302411	-0.171849	0.606472	1.424389	0.910005	0.766999	1.092699	1.435465	1.753298	1.910057
	1.937027	1.861952	1.809432	1.727148	1.719542	1.803610	1.880657	1.835721	1.988281	1.910108	1.993507	1.890898	1.763162	1.650938	1.566417	1.514377	1.497514	1.481019	1.700573	1.824988	1.937027	1.394296	0.950946	0.412299	-0.171817	0.606472	1.424389	2.257965	2.199178	1.984195	1.919829	2.024943	1.910108
	1.937027	1.896728	1.845112	1.727426	1.791699	1.827283	1.887451	1.897719	1.988298	1.910109	1.993507	1.890898	1.763934	1.651660	1.567111	1.515056	1.497514	1.481475	1.701677	1.825562	1.937027	1.395586	0.952257	0.413574	-0.171817	0.606956	1.424935	2.257965	2.199240	1.984246	1.919866	2.024967	1.910109
	1.937666	1.933075	1.873013	1.785409	1.904584	1.866222	1.906318	1.952826	1.990484	1.910109	1.994538	1.891762	1.763934	1.651660	1.567111	1.515056	1.597270	1.594688	1.706524	1.872916	1.937666	1.955270	2.623409	3.311884	3.866648	2.957741	1.919003	2.258561	2.200128	1.985010	1.920358	2.025096	1.910109
	1.937666	2.004932	1.905424	1.785966	2.038912	2.036493	1.969692	1.959198	2.003843	2.289628	1.994538	1.891762	1.934432	1.933730	1.900698	1.651136	1.597270	1.595187	1.707053	1.873204	1.937666	1.955690	2.623812	3.312277	3.866648	3.325620	2.936491	2.528540	2.200128	1.985010	1.920358	2.025096	2.289628
	2.371850	2.027858	1.957575	1.991235	2.364601	2.186806	2.031522	2.000826	2.050845	2.289628	2.034754	1.923585	1.934476	1.933771	1.900735	1.802436	1.597286	1.676222	1.766399	2.018167	2.371850	2.606273	2.910812	3.351023	3.866766	3.325703	2.936568	2.528611	2.200197	1.985069	1.920471	2.025340	2.289628
	2.371850	2.095876	1.994376	1.991920	2.401697	2.388551	2.057370	2.020670	2.087854	2.289628	2.034754	1.923631	2.033377	2.433511	2.160160	1.802465	1.597286	1.677277	1.767013	2.018902	2.371850	2.606330	2.910881	3.351099	3.866766	3.325863	2.937440	2.529520	2.200197	1.985069	1.920471	2.025340	2.289628
	2.372148	2.127172	2.121556	2.031267	2.602142	2.441178	2.122300	2.134810	2.136584	2.289641	2.115646	2.062110	2.033462	2.433666	2.773555	2.169344	1.598216	1.890694	2.023236	2.110620	2.372148	2.607117	2.911647	3.351815	3.866766	3.392903	2.937441	2.529520	2.844935	2.637534	2.453732	2.255536	2.289641
	2.372148	2.289782	2.259560	2.032040	2.645272	2.444437	2.248992	2.217457	2.230233	2.289641	2.115646	2.121925	2.269384	2.517638	2.773555	2.169344	1.598216	1.891641	2.024091	2.111332	2.372148	2.607174	2.911715	3.351890	3.866766	3.392983	2.937528	2.529599	2.845519	2.638212	2.454549	2.256559	2.289641
	2.486040	2.763937	2.577358	2.991272	2.697022	2.773762	2.587752	2.418969	2.441383	2.289641	2.493837	2.121925	2.269384	2.517638	2.837238	2.311613	1.598237	2.130730	2.786697	2.868096	2.486040	2.711295	3.079274	3.467689	3.867434	3.393788	2.937528	2.529599	2.845519	2.638212	2.454549	2.256559	2.289641
	2.486083	2.897525	2.990574	2.992054	2.735126	2.816487	2.725385	2.690102	2.556330	2.290010	2.506618	2.889462	3.129498	2.747384	2.837238	2.311683	1.598237	2.130935	2.786916	2.868883	2.486083	2.711295	3.079274	3.467689	3.867434	3.393788	2.995545	2.996760	2.866408	2.741570	2.684405	2.684016	2.290010
	2.486809	2.977519	3.068134	3.095746	2.772480	2.873901	3.071440	2.888906	2.558855	2.290010	2.575899	2.889462	3.129502	3.223522	2.982774	3.208053	3.615359	3.386126	3.219568	2.914325	2.486809	2.711545	3.079481	3.467855	3.867434	3.393893	2.995611	2.996807	2.866819	2.741855	2.684512	2.684016	2.290010
	2.486851	3.112482	3.242756	3.096063	2.945447	3.123840	3.257968	2.946242	2.604750	2.290010	2.575899	3.060155	3.225544	3.223528	2.983015	3.208053	3.615359	3.386164	3.220314	2.914634	2.486851	2.711545	3.079481	3.467855	3.867434	3.393893	2.995783	2.996888	2.866819	2.741855	2.684512	2.684428	2.290010
	3.362450	3.148849	3.316024	3.234223	2.975439	3.175165	3.265871	2.986347	2.650301	2.290022	2.651472	3.060159	3.225544	3.408298	3.120900	3.471608	3.615362	3.475022	3.259742	3.261756	3.362450	3.633100	3.737069	3.763068	3.867434	3.551235	3.276392	3.046662	3.090798	3.635524	3.170466	2.684434	2.290022
	3.362450	3.201673	3.346820	3.234454	2.988295	3.440844	3.406317	3.049068	2.707963	2.290022	2.651473	3.111703	3.332414	3.408298	3.120975	3.471616	3.615362	3.475614	3.260029	3.262273	3.362450	3.633100	3.738224	3.764093	3.867434	3.551923	3.276997	3.047176	3.090798	3.635606	3.170466	2.684493	2.290022
	3.363103	3.346542	3.486022	3.248295	3.176747	3.454464	3.448058	3.056638	2.714783	2.290022	2.721598	3.150633	3.413319	3.578440	3.339026	3.615637	3.615760	3.771482	3.448684	3.460452	3.363103	3.633696	3.781682	3.848750	3.867533	3.551923	3.276997	3.047176	3.091426	3.635618	3.170982	2.684493	2.290022
	3.363103	3.651082	3.511826	3.248747	3.257087	3.468745	3.496207	3.069736	2.731087	3.002861	2.722092	3.150633	3.413319	3.578440	3.339032	3.615943	3.615760	3.771749	3.449026	3.460691	3.363103	3.633696	3.781682	3.848750	3.867533	3.674308	3.363060	3.086098	3.266809	3.709072	3.170982	2.730940	3.002861
	4.012614	3.661042	3.633186	3.598878	3.601527	3.483777	3.551394	3.204694	2.748403	3.002861	2.960958	3.150737	3.413508	3.700212	3.910272	3.764684	3.615769	3.838873	3.748823	3.531106	4.012614	3.815946	3.782101	3.848958	3.867533	3.674732	3.363524	3.086614	3.266853	3.709073	3.170994	2.730940	3.002861
	4.013715	3.817656	3.795150	3.599622	3.889312	3.668631	3.563555	3.225219	2.946374	3.002861	2.960958	3.150737	3.413508	3.700212	3.910283	3.764694	3.615769	3.839642	3.749590	3.531834	4.013715	3.817152	3.782101	3.848958	3.867533	3.674732	3.363524	3.086614	3.266859	3.709579	3.170996	2.731126	3.002861
	4.145863	3.922494	3.903534	3.995550	3.935439	3.917028	3.659299	3.258525	2.952742	3.002870	2.961149	3.155802	3.730277	3.700439	3.941363	4.047078	4.292536	3.924742	3.962159	4.004005	4.145863	4.092236	4.050917	4.025111	3.867533	4.217252	4.594987	4.587529	4.258616	3.709579	3.544251	3.177499	3.002870
	4.145863	4.178149	3.979899	3.996621	4.070731	3.939174	3.731980	3.262794	2.980082	3.002870	2.961149	3.155802	3.730277	3.700439	3.941363	4.047078	4.292536	3.925140	3.963165	4.005091	4.145863	4.092236	4.050917	4.025111	3.867533	4.218090	4.595885	4.587532	4.258616	3.709631	3.544265	3.177507	3.002870
	4.146132	4.188085	4.243679	4.343286	4.185852	3.957089	3.782997	3.385405	3.154253	3.002870	3.017702	3.220908	3.757089	3.904737	3.978885	4.201673	4.292646	4.004842	4.065186	4.483135	4.146132	4.092422	4.051035	4.025168	3.867631	4.218090	4.595885	4.587638	4.259078	3.709632	3.544313	3.177752	3.002870
	4.146132	4.392909	4.275543	4.343293	4.305666	3.963873	3.846558	3.604586	3.178382	3.003411	3.017705	3.221468	3.757679	3.904816	3.978885	4.201673	4.292646	4.005628	4.065297	4.483203	4.146132	4.092422	4.051035	4.025168	3.867631	4.306658	4.596830	4.587638	4.259078	3.909310	3.544313	3.177752	3.003411
	4.635678	4.439796	4.336676	4.442031	4.367868	3.996159	3.866219	3.865424	3.349570	3.003411	3.479003	3.836690	3.761628	4.043775	3.979108	4.201844	4.293039	4.431811	4.388358	4.501249	4.635678	4.468107	4.230100	4.026865	3.867631	4.306726	4.596864	4.588053	4.259148	3.909311	3.544644	3.178004	3.003411
	4.635685	4.585541	4.541085	4.442077	4.427235	4.081845	3.876135	3.871628	3.379618	3.003411	3.479003	4.119871	4.069947	4.043788	3.979108	4.201844	4.293039	4.432033	4.388381	4.501288	4.635685	4.468669	4.230751	4.027623	3.867631	4.307303	4.597210	4.588053	4.259150	3.909944	3.544644	3.178004	3.003411
	4.635786	4.626416	4.574019	4.703463	4.491750	4.277081	4.078898	3.998240	3.554699	3.003418	3.479473	4.169666	4.069947	4.207437	4.247449	4.306553	4.293390	4.529093	4.657706	4.717882	4.635786	4.902193	4.629319	4.264431	3.867631	4.307303	4.597210	4.775920	4.327763	3.952285	3.979770	3.637860	3.003418
	4.635791	4.713678	4.632894	4.703954	4.501525	4.329862	4.102905	4.056229	3.564032	3.003418	3.479474	4.169666	4.156366	4.207470	4.247497	4.306553	4.293390	4.529585	4.658202	4.718372	4.635791	4.902193	4.629319	4.264431	3.867631	4.307536	4.597576	4.775920	4.327771	3.952285	3.979875	3.637860	3.003418
	4.735284	4.790396	4.747839	4.859840	4.536533	4.449080	4.142759	4.207352	3.584326	3.003418	3.542781	4.169981	4.156380	4.298767	4.491670	4.387123	4.665440	4.607467	4.806116	4.804079	4.735284	4.902342	4.629366	4.264482	4.015975	4.307536	4.597576	4.776314	4.327771	3.952287	3.979885	3.638334	3.003418
	4.735771	4.879300	4.751203	4.859970	4.692851	4.492618	4.278867	4.219414	4.192132	4.306929	4.182914	4.169981	4.222987	4.298767	4.491670	4.387190	4.665440	4.608249	4.806792	4.804206	4.735771	4.902342	4.629366	4.264482	4.015976	4.381921	4.763200	4.776314	4.327779	3.952305	4.402100	4.220484	4.306929
	5.025354	4.911877	4.828985	4.894033	4.732087	4.522828	4.313105	4.284512	4.241445	4.306943	4.290829	4.240335	4.223012	4.309951	4.786550	4.987854	4.665523	4.706575	4.870176	4.834376	5.025354	4.946674	4.929156	4.408317	4.016369	4.382293	4.763560	4.776392	4.328160	3.952646	4.402110	4.220596	4.306943
	5.025354	4.970841	4.994059	4.894736	4.762124	4.540246	4.422262	4.307553	4.280706	4.306943	4.290844	4.240350	4.483240	4.310547	4.786550	4.988231	4.665523	4.707172	4.870190	4.834694	5.025354	4.946681	4.929221	4.408394	4.016369	4.382293	4.763560	4.776393	4.328160	3.952647	4.402221	4.220604	4.306943
	5.025499	4.976844	5.054524	4.980507	4.823598	4.554822	4.446753	4.369203	4.306776	4.307052	4.293190	4.259656	4.636810	4.441141	4.791175	4.998775	4.665874	4.719173	4.945895	4.943088	5.025499	4.946774	4.929973	4.409094	4.016369	4.504202	5.134124	4.888661	4.682908	4.519960	4.474490	4.330791	4.307052
	5.025499	5.003260	5.090503	4.980535	4.936343	4.593531	4.466606	4.377551	4.322514	4.307052	4.293208	4.259677	4.636890	4.618836	4.863476	5.009347	4.665874	4.719366	4.946661	4.943799	5.025499	4.946778	4.930037	4.409170	4.016369	4.504321	5.134134	4.888670	4.682917	4.519970	4.474490	4.330801	4.307052
	5.088706	5.041115	5.153760	5.062333	5.038517	4.957421	4.647326	4.408551	4.324619	4.307063	4.326633	4.385581	4.728284	4.937482	4.864058	5.009347	4.665965	5.014571	4.967608	5.025656	5.088706	5.212006	5.233456	4.729933	4.016369	4.504362	5.134240	4.888778	4.683026	4.520080	4.474776	4.330912	4.307063
	5.088749	5.136263	5.189756	5.062675	5.040832	4.961048	4.934842	4.621495	5.376780	6.084741	5.443963	4.752671	4.896624	4.937482	5.146857	5.087886	4.665965	5.015110	4.967745	5.025693	5.088749	5.212061	5.233463	4.730336	4.016369	5.084100	5.172314	4.988583	5.381285	5.361054	4.701121	5.450125	6.084741
	5.106866	5.224492	5.259771	5.182952	5.166895	5.133062	5.065175	4.835118	5.506920	6.084741	5.443963	4.752671	4.896624	5.362264	5.329455	5.088000	5.239552	5.114891	5.398970	5.290986	5.106866	5.278232	5.233565	5.492755	5.725559	5.414963	5.172459	4.989522	5.382237	5.361054	4.701121	5.450125	6.084741
	5.106866	5.274836	5.265982	5.183703	5.372435	5.261551	5.108182	5.006343	5.640115	6.084741	5.808554	5.284743	4.896862	5.597836	5.329455	5.120303	5.239552	5.115032	5.399531	5.291702	5.106866	5.278232	5.233570	5.492763	5.725559	5.414973	5.172460	4.989522	5.382237	5.361214	4.701719	5.450614	6.084741
	5.107587	5.283616	5.311594	5.355959	5.377046	5.386385	5.262696	5.610938	5.986173	6.084749	5.808608	5.284818	4.896862	5.597836	5.612020	5.120303	5.239692	5.339276	5.415362	5.304505	5.107587	5.278878	5.360343	5.492895	5.725559	5.415076	5.216433	5.147100	5.515897	5.749601	6.033022	6.237134	6.084749
	5.107587	5.352068	5.344305	5.356671	5.425637	5.663736	5.391699	5.778802	6.133803	6.084749	6.155107	5.782277	5.372063	5.598036	5.612154	5.403018	5.239692	5.339412	5.415489	5.305246	5.107587	5.278878	5.360410	5.492901	5.725559	5.539923	5.216433	5.147462	5.516278	5.750524	6.033022	6.237134	6.084749
	5.517983	5.388781	5.370770	5.455040	5.482635	5.680974	5.528286	5.896585	6.187563	6.084749	6.155107	5.782277	5.372063	5.598036	5.675454	5.403570	5.914490	5.699736	5.490229	5.472313	5.517983	5.371190	5.446396	5.532158	5.725559	5.539924	5.216742	5.147462	5.516278	5.750524	6.033182	6.237286	6.084749
	5.517983	5.431536	5.468546	5.455157	5.689050	5.839374	5.636302	5.909155	6.217722	6.479528	6.271576	6.086911	5.871462	5.618479	5.675846	5.511054	5.914491	5.700411	5.490930	5.472424	5.517983	5.371227	5.446818	5.532238	5.725559	5.540135	5.216742	5.676292	5.750845	5.845492	6.063639	6.244120	6.479528
	5.518072	5.579395	5.644963	5.582695	5.779167	5.961459	5.918008	6.113805	6.221059	6.479528	6.271576	6.086911	5.871462	5.618479	5.810534	5.874245	5.915000	5.737173	5.511264	5.564284	5.518072	5.372017	5.489854	5.660739	5.725569	5.540135	5.216823	5.676292	5.750845	5.845914	6.064482	6.244674	6.479528
	5.518072	5.584610	5.680970	5.582733	5.795144	5.987808	6.112702	6.239751	6.362323	6.479528	6.392780	6.493641	6.478782	6.134455	6.015544	6.008689	5.915000	5.737240	5.511674	5.564337	5.518072	5.372053	5.489854	5.660739	5.725569	5.540218	5.216823	5.676470	5.751016	5.845914	6.064482	6.244674	6.479528
	5.679635	5.647809	5.715473	5.655446	5.823058	6.007263	6.156998	6.278609	6.367568	6.479670	6.392780	6.493641	6.549525	6.176208	6.234392	6.008689	5.915123	6.129158	5.628900	5.590184	5.679635	5.597673	5.490310	5.660967	5.725569	5.540221	5.647182	5.832220	6.237580	5.870213	6.103874	6.295222	6.479670
	5.679637	5.680777	5.787218	5.655999	5.837451	6.083326	6.479111	6.541368	6.494395	6.479670	6.493400	6.534532	6.549525	6.176359	6.234392	6.008832	5.915123	6.129760	5.628901	5.590393	5.679637	5.597673	5.490310	5.660967	5.725569	5.663767	5.647182	5.832373	6.237580	5.870213	6.104363	6.295901	6.479670
	5.680338	5.694698	5.858772	5.781337	5.874505	6.122002	6.543317	6.659464	6.502196	6.479670	6.493557	6.534691	6.601733	6.327707	6.234567	6.008832	5.915143	6.142242	6.160331	5.781347	5.680338	5.597736	5.659508	5.701399	5.725569	5.663767	5.647366	5.832401	6.237654	5.870378	6.104363	6.295901	6.479670
	5.680340	5.764749	5.929855	5.781560	5.905119	6.148126	6.550090	6.712357	6.595049	6.479685	6.638582	6.830486	6.601893	6.328104	6.234567	6.384355	5.915143	6.142838	6.160568	5.781892	5.680340	5.597736	5.659508	5.701399	5.725569	5.663958	5.878032	6.128398	6.397063	6.658005	6.947678	6.756235	6.479685
	6.143611	5.855926	5.944298	6.197379	6.076159	6.208553	6.602786	6.836948	6.682688	6.479685	6.638697	6.830574	6.716677	6.529587	6.239311	6.384813	6.616339	6.157739	6.338227	6.066801	6.143611	5.891543	5.659563	5.701465	5.725670	5.799270	5.878032	6.128519	6.397063	6.658005	6.947678	6.756235	6.479685
	6.143611	6.111789	6.044240	6.197998	6.434619	6.251026	6.622173	6.845721	6.801160	6.479685	6.748734	6.838881	6.716845	6.529587	6.239311	6.613219	6.616339	6.157906	6.338781	6.067447	6.143611	5.891543	5.659563	5.701465	5.725670	5.799270	5.878047	6.128553	6.397280	6.658226	6.947903	6.756377	6.479685
	6.144120	6.182100	6.050507	6.471743	6.558900	6.430755	6.753476	6.948389	6.830531	6.479835	6.748734	6.960272	6.831462	6.529838	6.239531	6.613219	6.617187	6.691837	6.409402	6.475873	6.144120	5.891989	5.777352	5.741857	5.725670	5.799318	5.878121	6.128553	6.450624	6.927078	7.061240	6.957252	6.479835
	6.144120	6.242579	6.201752	6.472260	6.568789	6.542983	6.833410	7.045001	6.944280	6.479835	6.987302	6.960272	6.831462	6.529838	6.239531	6.680799	6.617187	6.692017	6.409569	6.476333	6.144120	5.891989	5.777352	5.741857	5.725670	5.799318	5.878226	6.128803	6.450797	6.927241	7.061240	6.957252	6.479835
	6.664809	6.317142	6.235234	6.545090	6.602151	6.551135	6.845692	7.046872	7.007751	6.479835	6.987302	7.118121	6.831720	6.583315	6.603048	6.768355	7.076079	6.799029	6.458198	6.536139	6.664809	6.155707	5.777652	5.742034	5.725670	5.799365	5.878226	6.128803	6.450844	6.927346	7.061378	6.957678	6.479835
	6.664964	6.409656	6.356428	6.545252	6.620376	6.788750	6.955123	7.155930	7.216389	7.584888	7.209560	7.118121	6.831720	6.583315	6.603048	6.768355	7.076079	6.799762	6.458738	6.536636	6.664964	6.156161	5.777652	5.742034	5.725670	5.799395	5.980502	6.169989	6.519575	6.927346	7.272447	7.259534	7.584888
	6.717734	6.415789	6.482393	6.579223	6.646943	6.806609	6.960898	7.188670	7.278423	7.584888	7.373008	7.118376	6.909756	6.692941	6.800243	6.768502	7.076221	6.829551	6.775146	6.596216	6.717734	6.400545	6.152117	5.938594	5.725756	5.831650	5.980502	6.169989	6.519722	6.927550	7.272621	7.259534	7.584888
	6.717857	6.543553	6.500200	6.579665	6.828126	6.851607	6.972978	7.206852	7.366756	7.584888	7.373008	7.118376	6.910152	6.693103	6.800646	6.768502	7.076221	6.829801	6.775542	6.596375	6.717857	6.400623	6.152158	5.938701	5.725756	5.831650	5.980710	6.170201	6.519827	6.927550	7.272699	7.259760	7.584888
	6.718164	6.588002	6.613238	6.843869	6.833214	6.957997	6.984514	7.310546	7.374772	7.585048	7.373256	7.170590	6.979880	7.101231	6.805238	6.934632	7.076249	7.056154	6.838188	6.844773	6.718164	6.401027	6.152517	5.939107	5.725756	5.831852	6.147418	6.747271	6.519827	6.992981	7.272699	7.503544	7.585048
	6.718285	6.660138	6.674009	6.844401	6.854722	6.980285	7.094246	7.340850	7.409729	7.585048	7.373256	7.170772	6.979955	7.101298	6.805402	6.934798	7.076249	7.056421	6.838772	6.845289	6.718285	6.401104	6.152557	5.939129	5.725756	6.058290	6.403198	6.747282	6.520053	6.993177	7.272895	7.503726	7.585048
	6.845263	6.738673	6.740788	6.928837	6.873737	7.047391	7.310873	7.351533	7.478571	7.585048	7.476608	7.378657	7.117470	7.151687	7.207705	7.223446	7.076480	7.162230	7.021678	6.879525	6.845263	6.411538	6.168257	5.939393	5.725771	6.058300	6.403209	6.747374	6.520053	6.993236	7.272895	7.503775	7.585048
	6.845760	6.846264	6.846474	6.929144	6.936071	7.173831	7.430235	7.409096	7.556143	7.585110	7.476800	7.379048	7.117470	7.152034	7.207766	7.223620	7.076480	7.162330	7.021890	6.879869	6.845760	6.411676	6.168379	5.939413	5.725771	6.058398	6.403304	7.065106	7.074113	7.363837	7.421680	7.503775	7.585110
	7.196106	7.218265	7.208153	7.173686	7.083658	7.182377	7.445857	7.548229	7.623752	7.585110	7.687112	7.632619	7.430821	7.227334	7.298174	7.306620	7.349331	7.166228	7.167352	7.179032	7.196106	7.729773	8.196517	8.540215	8.847553	8.413713	7.804898	7.065106	7.074124	7.363848	7.421897	7.503971	7.585110
	7.196106	7.272404	7.320086	7.173721	7.119595	7.239639	7.475030	7.570758	7.666473	7.585110	7.687500	7.632878	7.431119	7.227334	7.298174	7.306677	7.349332	7.166550	7.167396	7.179097	7.196106	7.729773	8.196517	8.540464	8.847553	8.413790	7.804938	7.065116	7.074213	7.363935	7.421965	7.503971	7.585110
	7.196245	7.417453	7.358981	7.206308	7.159834	7.355354	7.502924	7.594779	7.680610	7.585331	7.746746	7.659104	7.624492	7.506012	7.369462	7.337342	7.349823	7.190150	7.199852	7.206148	7.196245	7.730000	8.196825	8.574460	8.847553	8.413790	7.804938	7.188715	7.722897	7.386909	7.554784	7.698985	7.585331
	7.196245	7.572408	7.628012	7.206530	7.165884	7.376542	7.550505	7.624115	7.695391	7.585331	7.746746	7.659104	7.624676	7.506193	7.369639	7.337342	7.349823	7.190391	7.200115	7.206350	7.196245	7.730000	8.196825	8.574460	8.847553	8.610574	8.368409	8.055832	7.722897	7.386909	7.554785	7.699215	7.585331
	7.489285	7.635939	7.854032	7.449837	7.539505	7.622582	7.552149	7.627659	7.737855	7.585331	7.746984	7.716554	7.709405	7.647439	7.573345	7.366999	7.400154	7.278922	7.399349	7.467189	7.489285	7.853883	8.206441	8.574844	8.847553	8.611095	8.368409	8.055832	7.723032	7.387044	7.555127	7.699289	7.585331
	7.489492	7.808427	7.870993	7.450048	7.726146	7.908758	7.579296	7.638475	7.752537	7.795171	7.746984	7.716741	7.709453	7.647488	7.573395	7.490245	7.400154	7.279131	7.399565	7.467399	7.489492	7.854091	8.206663	8.574844	8.847553	8.639930	8.368550	8.055968	8.066995	7.948582	7.594162	7.743418	7.795171
	8.484657	8.395455	8.095085	8.340824	8.183160	7.909682	7.693885	7.684576	7.755735	7.795353	7.754406	7.756280	7.898005	7.875387	7.774714	7.490297	7.400740	7.764169	8.150918	8.402975	8.484657	8.617391	8.720892	8.796700	8.847843	8.639930	8.399681	8.217830	8.067535	7.949127	7.594173	7.743428	7.795353
	8.484920	8.480124	8.286788	8.341084	8.189688	8.047958	7.939358	7.701148	7.767078	7.795353	7.754640	7.756326	7.898005	7.875387	7.774714	7.587647	7.400740	7.764866	8.151562	8.403236	8.484920	8.617653	8.721148	8.796944	8.847843	8.640079	8.400209	8.218364	8.182940	8.102529	7.594257	7.743511	7.795353
	8.883190	8.568836	8.371357	8.404550	8.252720	8.301026	8.126347	7.748717	7.783286	7.795484	7.775055	7.852780	7.898249	7.875645	7.775001	7.587647	7.400773	7.765050	8.169312	8.528445	8.883190	8.895922	8.892860	8.878392	8.847844	8.970820	8.995461	8.904997	8.563823	8.102529	7.863474	7.812217	7.795484
	8.883190	8.582156	8.516205	8.405155	8.359883	8.400634	8.175962	7.860064	7.801515	7.795484	7.775244	7.852780	7.898249	7.875645	7.775001	7.588005	7.400773	7.765412	8.169566	8.529031	8.883190	8.896075	8.893040	8.878597	8.847844	8.970820	8.995461	8.904997	8.563823	8.102753	7.864023	7.812768	7.795484
	8.883720	8.700726	8.537766	8.566436	8.442498	8.567647	8.280324	8.003516	7.811831	7.795867	7.785540	7.853018	8.316540	8.829998	8.111011	7.588005	7.400828	7.814953	8.265597	8.693798	8.883720	9.016561	9.062531	9.009371	8.848070	8.970996	8.995651	8.905014	8.563935	8.516475	8.229334	7.912964	7.795867
	8.883720	8.975734	8.824555	8.566499	9.039153	8.638339	8.371618	8.095711	7.860345	7.795905	7.785586	7.853018	8.316540	8.910759	8.648518	8.009993	7.400828	7.815172	8.265768	8.693805	8.883720	9.016561	9.062531	9.009371	8.848070	9.074978	9.087419	8.919739	8.753911	8.516475	8.229334	7.912964	7.795905
	8.891942	9.203570	9.367204	9.300746	9.044821	8.885141	8.604136	8.287339	7.944587	7.795905	7.958979	8.325123	8.676903	8.910759	9.314042	9.589580	9.831995	9.691813	9.477580	9.203631	8.891942	9.017092	9.063053	9.009865	8.848070	9.075069	9.087472	8.919740	8.753911	8.516697	8.229560	7.913192	7.795905
	8.892066	9.223502	9.423863	9.301205	9.120240	8.969445	9.335923	9.979942	10.425043	10.586652	10.444955	10.055086	9.493794	9.008406	9.395423	9.718172	9.831995	9.692202	9.478008	9.204107	8.892066	9.017093	9.063053	9.009865	8.848070	9.075069	9.087472	8.919943	8.754125	9.092442	9.858440	10.391606	10.586652
	9.630123	9.506525	9.499457	9.767387	9.451062	9.497264	9.917327	10.266250	10.502668	10.587297	10.486916	10.203441	9.775701	9.245841	9.395423	9.718172	9.832360	9.884811	9.842694	9.721583	9.630123	9.522785	9.348806	9.120284	8.848070	9.106340	9.380753	9.662089	9.937617	10.190370	10.398510	10.537467	10.587297
	9.630724	9.792890	9.879586	9.767836	10.003917	10.205491	10.368193	10.488145	10.561805	10.587297	10.572328	10.528882	10.455312	10.350302	10.212179	10.039644	9.832360	9.885173	9.843089	9.722072	9.630724	9.523294	9.349228	9.120632	8.848070	9.106854	9.381266	9.662606	9.938142	10.190908	10.399063	10.538034	10.587297
	15.629610	15.822549	16.042554	15.814045	15.552472	15.338670	15.154632	15.038383	15.005134	15.062789	15.030951	15.111868	15.299657	15.585781	15.858630	16.063200	16.301440	16.231533	16.029767	15.734674	15.629610	15.917160	16.186068	16.444656	16.701128	16.365075	16.066159	15.809319	15.598621	15.438258	15.222918	15.067642	15.062789
	15.630160	15.876161	16.051977	15.814603	15.567992	15.354670	15.229164	15.185470	15.075072	15.062789	15.030951	15.111868	15.299657	15.585781	15.960837	16.415538	16.301441	16.232397	16.030336	15.735228	15.630160	15.917722	16.186615	16.445180	16.701128	16.365099	16.066178	15.809334	15.598631	15.438267	15.222918	15.067642	15.062789
	16.467416	16.107753	16.131398	16.290388	16.010131	15.776733	15.536931	15.241402	15.130130	15.062789	15.165559	15.283816	15.416310	15.660671	15.960837	16.415538	16.302281	16.454119	16.242087	16.325601	16.467416	16.400198	16.416640	16.517610	16.701128	16.365684	16.066736	15.809862	15.599122	15.438703	15.223248	15.067785	15.062789
	16.467421	16.267456	16.182069	16.291300	16.258038	15.886439	15.592942	15.379186	15.199355	15.062815	15.165588	15.283827	15.416326	15.660692	16.005268	16.436679	16.302281	16.454939	16.242979	16.326525	16.467421	16.400207	16.416655	16.517632	16.701128	16.530952	16.333166	16.087031	15.792738	15.484944	15.335235	15.223087	15.062815
	16.468374	16.496430	16.297879	16.700963	16.380282	15.928175	15.597649	15.404980	15.211936	15.062815	15.208386	15.449656	15.556802	15.689437	16.005297	16.436717	16.940622	16.458860	16.687641	16.642082	16.468374	16.401203	16.417690	16.518700	16.701128	16.530952	16.333166	16.087031	15.792738	15.484944	15.335241	15.223170	15.062815
	16.468381	16.577299	16.613980	16.701945	16.512586	16.115865	15.753069	15.446115	15.213235	15.062815	15.208386	15.449689	15.809643	16.231134	16.694529	16.467040	16.940622	16.459447	16.688441	16.643064	16.468381	16.401215	16.417707	16.518724	16.701128	16.532071	16.334234	16.087982	15.793504	15.485491	15.335592	15.223170	15.062815
	16.817773	16.701838	16.713456	16.863006	16.625261	16.187228	15.753719	15.461034	15.234081	15.385037	15.271981	15.461545	15.809643	16.231134	16.694529	16.467040	16.940671	16.911378	16.808365	16.863983	16.817773	16.810656	16.736103	16.694362	16.701159	16.730758	17.001951	16.977952	16.452331	15.957126	15.533127	15.305314	15.385037
	16.818543	16.906067	16.745798	16.863062	16.713614	16.456479	15.941855	15.515305	15.326199	15.385043	15.271989	15.461786	15.855931	16.318199	16.783958	16.571013	16.940671	16.911734	16.809319	16.863991	16.818543	16.810656	16.736103	16.694362	16.701159	16.730758	17.001951	16.977952	16.452333	15.957198	15.533232	15.305319	15.385043
	16.900091	16.919839	16.751212	16.885562	16.826417	16.491681	15.968301	15.518288	15.384477	15.385043	15.404191	15.461786	15.855970	16.318242	16.784002	17.057529	16.941215	16.915733	16.874347	16.870038	16.900091	16.810944	16.736532	16.694901	16.701159	16.731353	17.002501	16.978040	16.452333	15.957198	15.533232	15.305526	15.385043
	16.900091	16.975549	17.123005	16.886349	17.016108	16.541521	16.399432	16.010985	15.581432	15.385799	15.560692	15.983620	16.419461	16.585778	16.798706	17.135700	16.941215	16.916552	16.874510	16.870803	16.900091	16.810944	16.736532	16.694901	16.701159	16.731353	17.002501	17.244547	17.058768	16.724650	16.099283	15.635259	15.385799
	16.900207	16.976286	17.197769	16.908806	17.039751	17.123588	16.520326	16.026566	15.608728	15.385808	15.624114	15.983628	16.455890	17.030248	16.868678	17.135700	16.941259	17.193821	17.010600	16.993067	16.900207	17.102652	16.901006	16.767865	16.701159	16.731783	17.002875	17.244547	17.059866	16.725712	16.099601	15.635457	15.385808
	16.900207	17.096229	17.203560	16.909569	17.095898	17.313728	16.586623	16.067432	15.648048	15.385808	15.624121	16.060740	16.455901	17.030263	16.937616	17.222565	16.941259	17.194583	17.011359	16.993288	16.900207	17.102652	16.901006	16.767865	16.701159	16.731806	17.002890	17.245632	17.469540	16.774731	16.099608	15.635462	15.385808
	17.371142	17.171961	17.224134	17.037477	17.302573	17.342657	16.810460	16.293050	16.227101	16.204117	16.228653	16.300296	16.823958	17.189931	16.937616	17.222607	17.360540	17.358148	17.146380	16.996324	17.371142	17.103400	16.901729	16.768547	16.701767	16.866931	17.044895	17.419921	17.469540	16.775099	16.450211	16.268078	16.204117
	17.371142	17.231463	17.355077	17.037729	17.361536	17.366707	16.915963	16.543990	16.293338	16.204117	16.281456	16.499277	16.826864	17.222047	17.669561	17.502258	17.360540	17.358532	17.146689	16.997106	17.371142	17.103400	16.901729	16.768547	16.701767	16.866931	17.044895	17.421069	17.470616	16.775108	16.451253	16.269110	16.204117
	17.371904	17.347430	17.404616	17.558119	17.531188	17.567784	17.083988	16.645571	16.324824	16.205277	16.322502	16.638708	17.072451	17.548734	17.693977	17.502322	17.361334	17.391297	17.536153	17.565054	17.371904	17.242297	17.154237	16.817886	16.701767	16.868046	17.045995	17.488170	17.483102	17.056193	16.644277	16.326941	16.205277
	17.371904	17.413536	17.416785	17.559153	17.541831	17.591282	17.620946	17.922856	18.236888	18.547670	18.220879	17.876048	17.528569	17.655886	17.693997	17.529838	17.361334	17.391850	17.537115	17.566123	17.371904	17.243142	17.154237	16.817886	16.701767	16.913592	17.337613	17.488170	17.628653	17.719009	17.988324	18.268797	18.547670
	17.575065	17.534847	17.416805	17.576672	17.826583	17.750331	18.004051	18.137400	18.321804	18.547670	18.430185	18.391477	18.429704	17.655886	18.013848	17.529838	17.621827	17.473900	17.578441	17.576538	17.575065	17.506706	17.154400	16.817970	16.701767	16.913592	17.337613	17.488671	17.629032	17.719009	17.988324	18.268797	18.547670
	17.575065	17.662129	17.532292	17.577940	17.862220	17.927553	18.111924	18.228751	18.376483	18.547670	18.430185	18.391477	18.429704	17.792781	18.072613	17.708976	17.621827	17.474764	17.579744	17.577785	17.575065	17.507190	17.154400	16.817970	16.701767	16.914222	17.338221	17.488671	17.629043	17.720079	17.989390	18.269861	18.547670
	17.576232	17.727107	17.552925	17.868500	17.910086	17.948229	18.520823	18.645897	18.514429	18.547695	18.431263	18.392559	18.430773	18.529895	18.072613	17.740111	17.621866	17.590264	17.765210	17.799070	17.576232	17.673714	17.231643	16.961928	16.702238	16.914222	17.338221	17.488991	18.148822	18.582202	18.859950	18.659211	18.547695
	17.576232	17.752190	17.703671	17.869784	17.925203	18.029747	18.720691	18.646825	18.543284	18.547695	18.431263	18.392559	18.430773	18.535287	18.073496	17.740111	17.621866	17.591599	17.765686	17.799808	17.576232	17.673714	17.232126	16.961968	16.702238	16.914765	17.338816	17.488999	18.148822	18.582293	18.860061	18.659234	18.547695
	17.786010	17.769044	17.720114	17.950317	17.968843	18.133649	18.731685	18.876070	18.620760	18.547695	18.688072	18.952782	18.552331	18.535287	18.073496	17.741007	17.622292	17.682662	17.780362	17.892167	17.786010	17.673952	17.291251	16.963083	16.702286	16.914807	17.338870	17.850366	18.149275	18.582954	18.860699	18.660221	18.547695
	17.786503	17.783688	17.737590	17.951045	17.983751	18.193898	18.761708	18.919754	18.663281	18.548739	18.688097	18.952786	18.552331	18.536313	18.099071	17.741007	17.622292	17.683997	17.781671	17.892652	17.786503	17.673952	17.291300	16.963125	16.702286	17.067654	17.455163	17.850426	18.149275	18.938545	18.969376	18.660221	18.548739
	18.101285	17.839692	17.931042	17.972634	18.049266	18.259726	18.816664	18.926085	18.736407	18.548739	18.738829	18.986811	18.790526	18.536313	18.105756	17.979530	17.623193	17.926519	18.191959	17.919714	18.101285	17.676713	17.292431	16.963284	16.702286	17.067693	17.455212	17.851086	18.149542	18.938545	18.969409	18.660299	18.548739
	18.101356	17.844912	17.988697	17.973111	18.162805	18.408233	18.829050	18.927576	18.740681	18.548739	18.738829	18.986811	18.790537	18.561829	18.105835	17.979563	17.623193	17.927016	18.192411	17.920983	18.101356	17.676772	17.292482	16.963774	16.702286	17.068323	17.455859	17.879685	18.149543	18.938958	18.970271	18.660299	18.548739
	18.102499	17.888242	17.994365	17.973834	18.175749	18.437863	18.907015	18.938148	18.754231	18.548753	18.739853	18.987744	18.908476	18.561829	18.173094	18.152295	18.663159	18.483935	18.255310	18.068757	18.102499	17.677913	17.662522	18.053592	18.397984	17.981438	17.498205	17.918166	18.234541	18.938958	18.970271	18.807773	18.548753
	18.102572	17.921690	18.042749	17.974250	18.228604	18.465232	18.911707	18.954189	18.801336	18.548753	18.739853	18.987744	18.909351	18.562684	18.173094	18.431565	18.663159	18.483973	18.255855	18.069145	18.102572	17.677974	17.663400	18.054452	18.397984	17.981438	17.498205	17.918166	18.234616	18.939164	18.970403	18.807773	18.548753
	18.326284	18.040943	18.057055	18.378509	18.244222	18.489100	18.940414	19.017267	18.835844	18.548753	18.837223	18.988427	18.999468	18.562684	18.295732	18.431591	18.663285	18.615910	18.259155	18.319975	18.326284	17.742473	17.938323	18.158049	18.397984	17.981690	17.498386	17.918726	18.235282	18.939171	18.970403	18.808816	18.548753
	18.326284	18.060060	18.074627	18.378689	18.333724	18.661233	18.949663	19.062113	19.039292	19.074813	19.046479	18.989347	19.083462	18.568242	18.295759	18.432155	18.663285	18.616244	18.259855	18.321118	18.326284	17.742473	17.938323	18.158049	18.397984	18.110833	17.778727	17.918726	18.581492	19.041471	19.027616	19.028590	19.074813
	18.326588	18.175750	18.156939	18.398883	18.488657	18.745251	18.965805	19.078494	19.044585	19.074813	19.046485	19.066989	19.083462	18.568261	18.687520	18.826435	18.780296	18.656788	18.397543	18.377088	18.326588	17.743713	17.939606	18.159327	18.397984	18.112114	17.779938	17.919365	18.581492	19.043043	19.027616	19.028726	19.074813
	18.326588	18.183738	18.223231	18.399995	18.515116	18.826889	18.987492	19.102509	19.045176	19.074888	19.051098	19.083804	19.083920	18.732864	18.687520	18.827124	18.780296	18.657542	18.397632	18.377314	18.326588	17.743713	17.939606	18.159328	18.397984	18.265961	18.225888	17.919433	18.581972	19.127346	19.028632	19.029294	19.074888
	18.385690	18.251559	18.267478	18.473009	18.550651	18.840843	19.000568	19.145679	19.061061	19.075801	19.052045	19.083841	19.083920	18.732965	18.688433	18.842672	18.781135	18.700796	18.554856	18.476160	18.385690	18.377438	18.373562	18.378523	18.398573	18.266409	18.280470	18.441249	18.581972	19.127994	19.063157	19.072369	19.075801
	18.386009	18.301831	18.325720	18.473592	18.656391	18.871860	19.083014	19.167697	19.094208	19.075801	19.118354	19.242945	19.214921	18.838791	18.688433	18.842672	18.781135	18.701394	18.555505	18.476692	18.386009	18.377833	18.374027	18.379054	18.398573	18.266409	18.280955	18.441781	18.582623	19.127994	19.064743	19.073963	19.075801
	18.436837	18.498979	18.359298	18.499485	18.666518	18.961746	19.091989	19.301192	19.141049	19.076311	19.118536	19.243127	19.359616	18.839610	18.804951	18.843290	18.915493	18.784492	18.560254	18.553520	18.436837	18.473876	18.506736	18.438441	18.398573	18.516634	18.280955	18.441781	18.582708	19.167887	19.426661	19.168050	19.076311
	18.437283	18.599142	18.456993	18.500057	18.672655	18.977419	19.212946	19.318022	19.148216	19.076516	19.143673	19.267040	19.359744	18.861795	18.805706	18.843290	18.915493	18.785324	18.561287	18.553737	18.437283	18.474390	18.507416	18.439080	18.398573	18.629569	18.803043	18.620863	18.732482	19.167887	19.437934	19.168300	19.076516
	18.556031	18.638144	18.736635	18.616183	18.786879	19.063801	19.220832	19.363335	19.154626	19.076516	19.144124	19.267073	19.384230	18.861795	18.900470	18.899632	18.915938	18.890283	18.695804	18.574175	18.556031	18.609457	18.536027	18.628603	18.399336	18.630986	18.804516	18.621228	18.733068	19.168133	19.438195	19.168346	19.076516
	18.556346	18.716528	18.826838	18.616510	18.831545	19.114762	19.254845	19.483954	19.468042	19.463471	19.484991	19.505321	19.384420	19.263940	19.173668	18.899632	18.915938	18.890393	18.696147	18.574788	18.556346	18.610167	18.536577	18.629143	18.399336	18.665189	19.024550	18.621242	18.733068	19.168133	19.438242	19.454341	19.463471
	18.752246	18.748957	18.896949	18.622975	18.922517	19.176570	19.340999	19.491850	19.514365	19.463471	19.485008	19.554785	19.398677	19.302973	19.173668	18.902648	18.915995	18.894552	18.749742	18.589489	18.752246	19.132450	18.939412	18.665893	18.399336	18.665602	19.024550	18.922848	18.998418	19.168336	19.593674	19.547962	19.463471
	18.752976	19.028699	18.903579	18.623158	18.941637	19.291612	19.396804	19.547163	19.543700	19.463489	19.548351	19.554785	19.398677	19.302973	19.205961	18.902648	18.915995	18.894923	18.749842	18.589811	18.752976	19.133205	18.939887	18.665893	18.399336	18.665602	19.025048	18.924365	18.999967	19.168420	19.594391	19.547966	19.463489
	19.219737	19.140794	19.023695	19.100178	18.967221	19.303465	19.408953	19.573711	19.552343	19.463647	19.548384	19.558847	19.399232	19.514334	19.233639	19.042152	18.916118	18.925725	19.003934	19.173500	19.219737	19.253421	18.991075	18.666786	18.399336	18.747356	19.043016	19.219122	19.254706	19.183843	19.594392	19.548063	19.463647
	19.220520	19.193621	19.080062	19.100837	19.048644	19.342197	19.441929	19.672152	20.048710	20.612563	20.044516	19.558876	19.399232	19.514594	19.233639	19.077625	18.916119	18.926749	19.004591	19.174148	19.220520	19.253421	18.991075	18.666786	18.399336	18.747356	19.043445	19.224750	19.254706	19.183843	19.805544	20.098727	20.612563
	19.472536	19.241949	19.093555	19.223645	19.332249	19.380635	19.480526	19.676134	20.123564	20.612563	20.249993	19.764165	19.441791	19.618190	19.313102	19.078195	19.220330	18.935429	19.095997	19.291972	19.472536	19.254421	18.992050	18.690925	18.754707	18.747489	19.043446	19.224750	19.255611	19.184812	19.805544	20.099516	20.612563
	19.472540	19.272404	19.263610	19.224644	19.376644	19.488380	19.516872	19.677228	20.232502	20.612563	20.249993	19.764165	19.441975	19.618689	19.313629	19.148672	19.220330	18.935716	19.096976	19.292980	19.472540	19.254421	18.992050	18.691496	18.754707	18.788339	19.080040	19.225568	19.311214	19.379512	19.805941	20.099517	20.612563
	19.473128	19.317187	19.419035	19.433163	19.386229	19.561169	19.569132	19.694341	20.241271	20.612803	20.250806	19.764930	19.540804	19.680996	19.390999	19.148672	19.220360	19.012485	19.263478	19.348688	19.473128	19.262427	19.018517	18.828517	18.754707	18.788339	19.080040	19.426811	19.942578	19.693606	19.805941	20.425495	20.612803
	19.473133	19.410024	19.471745	19.433835	19.440108	19.563624	19.570493	19.733360	20.249894	20.612803	20.250806	19.764930	19.540804	19.680996	19.390999	19.199790	19.220360	19.013049	19.263672	19.349384	19.473133	19.262906	19.018517	18.828517	18.754707	18.788777	19.080584	19.426811	19.942578	19.693688	19.806064	20.425553	20.612803
	19.507784	19.415886	19.476688	19.490913	19.552836	19.574025	19.658928	19.825209	20.308516	20.612803	20.335463	19.865215	19.583148	19.681854	19.611314	19.378601	19.220712	19.596746	19.655083	19.602982	19.507784	19.271025	19.018661	18.828815	18.754707	18.907854	19.099229	19.427356	19.943172	19.693905	19.806083	20.425553	20.612803
	19.508308	19.455205	19.477444	19.491089	19.658179	19.698272	19.668585	19.841042	20.398310	20.613431	20.335463	19.865662	19.583148	19.681854	19.611314	19.378601	19.220712	19.596953	19.655720	19.603146	19.508308	19.271329	19.018661	18.828815	18.754707	18.907854	19.157219	19.505346	19.962274	19.693905	19.829557	20.440530	20.613431
	19.515499	19.505372	19.536192	19.757512	19.739909	19.722482	19.682972	19.859410	20.479943	20.613431	20.416686	19.886873	19.673733	19.702769	19.669143	19.851861	19.220747	19.707158	19.976910	19.660949	19.515499	19.416260	19.078463	18.910517	18.755159	18.908425	19.157219	19.505784	19.962669	19.694028	19.829573	20.440530	20.613431
	19.515499	19.609484	19.790014	19.758065	19.882550	19.794816	19.781222	19.882984	20.538276	20.613431	20.416901	19.886873	19.673789	19.702957	19.669423	19.852139	19.220747	19.707515	19.977460	19.661499	19.515499	19.416260	19.078649	18.910787	18.755159	18.946577	19.157376	19.505784	19.962669	19.694028	19.829616	20.440779	20.613431
	19.516521	19.637478	19.790237	19.857765	19.903980	19.830356	19.814072	20.000430	20.569164	20.613668	20.560323	19.947138	19.692568	19.730125	19.761562	20.012914	20.062546	20.054182	20.047632	19.767490	19.516521	19.416274	20.118750	21.057583	22.045079	20.867986	19.712971	19.629332	20.024914	19.866245	20.001671	20.440779	20.613668
	19.516521	19.720216	19.849246	19.858784	19.952104	19.878828	19.848418	20.099107	20.597718	20.613668	20.560323	19.947304	19.692613	19.730125	20.010479	20.012961	20.062546	20.054193	20.048641	19.768512	19.516521	19.416274	20.119024	21.057829	22.045079	20.868281	19.713308	19.629452	20.025383	19.866529	20.001671	20.441443	20.613668
	19.920697	19.907536	19.893767	20.006239	19.962151	20.025391	20.027140	20.196781	20.623742	20.613668	20.830323	20.313465	19.985250	19.881396	20.010672	20.102519	20.062805	20.111225	20.091568	19.861327	19.920697	20.076108	20.711694	21.371814	22.045133	20.868305	19.713326	19.629452	20.025383	19.866578	20.001951	20.441649	20.613668
	19.920697	19.910116	19.929575	20.006750	20.154077	20.059089	20.062742	20.205538	20.705293	20.874803	20.830323	20.313465	19.985743	19.881459	20.027167	20.161432	20.062805	20.111820	20.091649	19.861857	19.920697	20.076117	20.711708	21.371835	22.045133	21.273607	20.640309	20.193949	20.213321	19.941518	20.001951	20.660340	20.874803
	19.920817	19.949721	20.017144	20.269909	20.157262	20.059332	20.101740	20.314422	20.718259	20.874803	20.831289	20.400829	20.242226	19.904740	20.027167	20.161432	20.062806	20.252001	20.167285	20.197252	19.920817	20.076666	20.712220	21.372312	22.045133	21.274136	20.640853	20.194449	20.213537	19.941784	20.002630	20.660340	20.874804
	19.920817	20.386333	20.085062	20.270085	20.196709	20.060296	20.139318	20.347215	20.733282	20.874804	20.831289	20.401349	20.242226	19.904740	20.027943	20.162111	20.062806	20.252562	20.167429	20.197321	19.920817	20.076675	20.712234	21.372333	22.045133	21.274136	20.640853	20.194449	20.213537	19.941784	20.002789	20.660761	20.874804
	20.479381	20.557444	20.374956	20.278235	20.238805	20.165329	20.214840	20.435833	20.746911	20.874855	20.838403	20.601502	20.326991	19.943145	20.027943	20.162111	20.062842	20.269847	20.314900	20.323537	20.479381	21.187850	21.510528	21.747160	22.045341	21.875365	21.727301	20.996587	20.247862	20.292223	20.105912	20.660805	20.874855
	20.479448	20.596833	20.612293	20.278287	20.251846	20.242268	20.253147	20.574336	20.833862	20.874855	20.838997	20.601502	20.326991	19.943145	20.116138	20.299411	20.062842	20.270299	20.315373	20.323721	20.479448	21.187931	21.510528	21.747160	22.045341	21.875374	21.727316	20.996672	20.247932	20.292260	20.106059	20.660806	20.874855
	20.479565	20.681530	20.704217	20.466541	20.255930	20.365501	20.304677	20.683001	20.872498	20.874855	20.942878	20.899029	20.430419	20.333482	20.116220	20.299634	20.680728	20.330578	20.339509	20.609766	20.479565	21.188075	21.510721	21.747392	22.045341	21.875557	21.727452	20.997208	20.248555	20.292307	20.106059	20.660806	20.874855
	20.479633	20.868281	20.742608	20.466566	20.258990	20.463445	20.374851	20.705892	20.913874	21.232043	20.942931	20.899029	20.431057	20.333558	20.387363	20.347784	20.680728	20.331113	20.339803	20.609930	20.479633	21.188156	21.510721	21.747392	22.045341	21.875557	21.727452	20.997208	20.248555	20.517887	21.105481	21.111144	21.232043
	21.193134	20.919815	20.830202	20.644264	20.525535	20.493782	20.383689	20.829059	21.027511	21.232043	20.948603	20.900118	20.508955	20.349090	20.387363	20.347983	20.680784	20.354696	20.421772	20.663576	21.193134	21.349519	21.936259	22.029469	22.045341	21.875821	21.727726	20.997597	20.248864	20.517887	21.105481	21.112073	21.232043
	21.193134	20.960035	20.877427	20.644419	20.596519	20.519307	20.580229	20.875967	21.071007	21.232043	20.948603	20.900118	20.508955	20.634187	20.388387	20.368838	20.680784	20.355674	20.421785	20.663582	21.193134	21.349519	21.936259	22.029469	22.045341	21.875821	21.727726	20.997597	20.248864	20.518525	21.106152	21.112073	21.232043
	21.193635	21.006430	20.878843	20.783334	20.642816	20.525098	20.796561	20.993185	21.165604	21.232124	20.980881	20.966105	20.823751	20.634187	20.388387	20.368838	20.680850	20.482579	20.570948	20.930336	21.193635	21.349644	21.936371	22.029487	22.045578	22.190001	21.787279	21.089699	20.426558	20.575994	21.134281	21.352198	21.232124
	21.193635	21.040557	21.082983	20.783598	20.743460	20.641520	20.834954	21.059390	21.179759	21.232124	20.980881	20.966105	20.823751	20.635347	20.559015	20.369500	20.680850	20.483042	20.571624	20.930997	21.193635	21.349644	21.936371	22.029487	22.045578	22.190078	21.787384	21.090060	20.426876	20.576507	21.134848	21.352198	21.232124
	21.270635	21.157395	21.102639	20.811784	20.750334	20.701021	20.849355	21.127392	21.188439	21.232124	21.208245	21.073109	20.824922	20.635347	20.559183	20.369500	20.681142	20.587759	20.696329	20.977884	21.270635	21.648137	21.955866	22.388199	22.045578	22.190284	21.787768	21.090114	20.426927	20.576507	21.134848	21.352286	21.232124
	21.270635	21.204765	21.230937	20.812463	20.899969	20.775927	20.856920	21.157847	21.250015	21.232747	21.402307	21.073109	20.824922	20.834335	20.592296	20.386468	20.681142	20.587812	20.696459	20.978157	21.270635	21.648137	21.955960	22.388199	22.045578	22.190284	21.787768	21.586591	20.891537	20.870912	21.391532	21.352376	21.232747
	21.270649	21.464370	21.246050	21.053198	20.926332	20.959436	21.024826	21.297697	21.374111	21.232747	21.402307	21.148752	20.963017	20.834418	20.592368	20.386570	20.695662	20.725532	20.733397	21.200130	21.270649	21.648486	21.956196	22.388448	22.045578	22.190548	21.788213	21.586660	20.891591	20.871219	21.391545	21.352709	21.232747
	21.270649	21.509032	21.403769	21.053782	20.948666	21.003569	21.147429	21.309207	21.378790	21.232747	21.431103	21.148809	21.109912	21.167367	21.252061	20.979999	20.695662	20.725606	20.733954	21.200728	21.270649	21.648486	21.956292	22.388448	22.045578	22.190548	21.788213	21.586790	20.891670	20.871219	21.391545	21.352709	21.232747
	21.452271	21.587177	21.479312	21.586028	21.053491	21.050934	21.183151	21.359122	21.479204	21.232834	21.431752	21.345314	21.109997	21.168050	21.252061	20.979999	20.696382	20.817227	21.216540	21.645755	21.452271	21.934398	22.427032	22.645149	22.045610	22.608386	21.826415	21.606040	21.511387	21.441148	21.391613	21.430154	21.232834
	21.452911	21.697120	21.628228	21.586504	21.188725	21.068264	21.204834	21.541629	21.500056	21.232834	21.484205	21.345644	21.453352	21.421523	21.252334	20.980406	20.696382	20.817651	21.217113	21.646114	21.452911	21.935010	22.427613	22.645278	22.045610	22.608864	21.826830	21.606074	21.511441	21.441208	21.391913	21.430154	21.232834
	22.178428	21.701497	21.647958	21.662691	21.598717	21.076197	21.242916	21.598813	21.516962	21.232834	21.484205	21.460596	21.453352	21.421523	21.252334	20.980406	20.696643	21.039721	21.384547	21.790805	22.178428	22.516278	22.745902	22.645727	22.045610	22.608925	21.826887	21.606160	21.511478	21.441208	21.391913	21.430188	21.232834
	22.178479	22.170789	21.710281	21.663656	21.737818	21.156315	21.346871	21.605920	21.533900	22.181053	21.600455	21.460596	21.491852	21.523726	21.287664	20.986160	20.696643	21.040736	21.385084	21.791763	22.178479	22.516278	22.745902	22.645857	22.045610	22.811161	22.340968	21.606160	21.511478	21.441217	21.573987	21.671798	22.181053
	22.179223	22.228934	21.751901	21.754409	21.789983	21.259410	21.376323	21.633485	21.577849	22.181053	21.600455	21.603197	21.491914	21.523726	21.287829	20.986304	20.696849	21.042495	21.409357	22.026327	22.179223	22.516736	22.746163	22.802948	22.045610	22.811236	22.341052	21.606442	21.511772	21.441523	21.574390	21.671798	22.181053
	22.179223	22.303499	21.911965	21.755024	21.854365	21.710952	21.599880	21.674515	21.707863	22.181053	21.630855	21.823553	21.820538	21.523890	21.358345	21.039073	20.696849	21.043061	21.410338	22.026963	22.179223	22.516736	22.746163	22.802974	22.045610	22.811740	22.341253	21.606442	21.511772	21.441523	21.574390	21.672496	22.181053
	22.179363	22.307724	22.268362	22.217592	21.874366	21.742560	21.671757	21.742089	21.747731	22.181296	21.630855	22.017118	21.820538	21.523890	21.358565	21.039286	21.356264	21.347351	22.031886	22.096391	22.179363	22.570838	22.774280	22.803434	23.407087	22.811740	22.600458	22.704035	22.375226	21.999326	21.576680	21.676537	22.181296
	22.179415	22.318129	22.285785	22.217610	21.893830	22.083689	22.038875	21.765343	21.918091	22.181296	22.139031	22.017346	21.820691	21.565687	21.388126	21.364605	21.356264	21.347930	22.032375	22.096548	22.179415	22.570902	22.774280	22.803462	23.407087	22.812329	22.600524	22.705120	22.376290	22.000358	21.577666	21.677169	22.181296
	22.179765	22.351847	22.384085	22.498638	21.957245	22.169249	22.123563	21.819768	21.945368	22.181296	22.139270	22.041386	21.820691	21.565868	21.388126	21.364605	21.356645	21.920591	22.495179	22.428166	22.179765	22.571676	22.775032	22.921195	23.407087	22.812329	22.600978	22.705120	22.376290	22.000358	21.577666	21.677169	22.181296
	22.179765	22.352032	22.421050	22.499381	22.002323	22.317100	22.270558	21.856804	22.281633	22.181753	22.146355	22.041623	21.830645	21.639480	22.002341	22.614632	21.356645	21.920932	22.495484	22.428893	22.179765	22.571741	22.775032	22.921741	23.407087	22.895929	22.600978	22.799613	23.000236	22.770380	22.075125	22.287786	22.181753
	22.342033	22.372297	22.435248	22.628175	22.269514	22.343368	22.294998	21.961195	22.339583	22.181753	22.146595	22.142998	21.830853	21.639707	22.003008	22.697616	23.593553	23.150597	22.727322	22.511442	22.342033	22.601026	22.871832	23.024186	23.407173	22.896361	22.601207	22.799708	23.000336	22.770380	22.075125	22.288301	22.181753
	22.342320	22.379810	22.467527	22.628734	22.392291	22.487217	22.324754	22.296207	22.369813	22.181753	22.267858	22.142998	21.870229	22.001674	22.060901	22.697711	23.593553	23.151254	22.728044	22.512001	22.342320	22.601026	22.871832	23.024483	23.407173	22.896361	22.601207	22.800127	23.000631	22.770453	22.075184	22.288301	22.181753
	22.622346	22.439057	22.546524	22.666607	22.560965	22.616863	22.550344	22.385994	22.395922	22.181994	22.563383	22.166676	21.870462	22.001740	22.060961	22.862252	23.593667	23.227400	22.791507	22.562759	22.622346	22.601599	22.872134	23.135938	23.407620	23.065217	22.986569	22.800127	23.000631	23.036494	22.958353	22.624158	22.181994
	22.622346	22.754508	22.550991	22.667078	22.594683	22.631038	22.592669	22.491321	22.437751	22.181994	22.563383	22.166676	22.453565	22.326286	22.616771	22.862859	23.593667	23.227968	22.791569	22.563080	22.622346	22.601599	22.872134	23.135938	23.407620	23.065382	22.987664	22.800262	23.000755	23.036608	22.958479	22.624158	22.181994
	22.622819	22.951749	23.130678	22.686324	22.633553	22.694710	22.600687	22.506902	22.549803	22.181994	22.563858	22.166961	22.805688	22.326332	22.616859	23.331815	23.594131	23.314621	22.865393	22.566345	22.622819	22.740912	22.930637	23.136674	23.407620	23.065491	22.987664	22.800262	23.000755	23.036861	22.958708	22.624844	22.181994
	22.622819	22.974428	23.155354	22.686651	22.776251	22.756180	22.673993	22.617663	22.599214	22.923054	22.563858	22.166961	22.805688	23.091169	23.354858	23.331924	23.594131	23.315455	22.865956	22.567255	22.622819	22.741176	22.930743	23.136674	23.407620	23.222142	23.367208	23.250952	23.136916	23.036861	22.958708	22.628162	22.923054
	22.810663	22.977741	23.264984	22.694592	22.801027	22.818636	22.860509	22.738985	22.735193	22.923054	22.684267	22.944984	23.062446	23.207319	23.354858	23.489043	23.594249	23.317932	22.945009	22.860730	22.810663	22.948423	22.931316	23.206615	23.407620	23.223237	23.367272	23.251035	23.137016	23.037147	22.959046	22.628936	22.923054
	22.810663	23.032102	23.373271	22.695493	22.812073	22.830826	22.907908	22.793150	22.746673	22.923054	22.684267	22.944984	23.062506	23.207319	23.547294	23.489043	23.594249	23.318246	22.945336	22.861252	22.810663	22.948423	22.931423	23.206615	23.407620	23.223237	23.367573	23.251303	23.137275	23.037147	22.959046	22.628936	22.923054
	22.811350	23.056609	23.479499	22.867246	22.985373	22.903973	22.992676	22.897722	22.790517	22.923185	22.726044	23.085702	23.063606	23.424005	23.547294	23.621288	23.650446	23.437370	22.947882	23.033517	22.811350	22.948945	23.129351	23.206640	23.408172	23.272260	23.367573	23.251303	23.137275	23.109421	22.991614	22.909791	22.923185
	22.811350	23.087393	23.492023	22.867532	23.330579	22.938012	23.006813	22.929573	22.809805	22.923185	22.726044	23.085702	23.063606	23.424005	23.547416	23.621288	23.650446	23.437395	22.948760	23.033815	22.811350	22.948945	23.129627	23.206640	23.408172	23.272274	23.367739	23.251526	23.137531	23.109437	22.991614	22.909925	22.923185
	23.553530	23.226992	23.496227	23.511591	23.342276	23.161210	23.015805	23.000518	22.818108	22.923185	22.882554	23.242092	23.376835	23.459685	23.547416	23.621404	23.650558	23.904442	23.853776	23.285968	23.553530	23.336912	23.302624	23.396852	23.408172	23.272301	23.367739	23.251526	23.137531	23.109437	22.992268	22.910045	22.923185
	23.553530	23.336829	23.500460	23.511754	23.454804	23.253493	23.069001	23.114093	22.855055	22.924095	22.882554	23.242868	23.376835	23.459685	23.646682	23.621404	23.650559	23.905029	23.853882	23.286210	23.553530	23.336912	23.302624	23.396852	23.408172	23.463607	23.596250	23.581057	23.476531	23.109474	23.000753	22.910046	22.924095
	23.554022	23.573950	23.530535	23.841062	23.531629	23.375236	23.282594	23.156248	22.935029	22.924095	22.921948	23.265002	23.387999	23.459816	23.646682	23.652049	23.650795	23.934899	24.123589	23.649317	23.554022	23.337329	23.303323	23.397584	23.408172	23.463654	23.597297	23.582068	23.476531	23.109649	23.001599	22.910547	22.924095
	23.554022	23.589317	23.623022	23.841916	23.688629	23.501711	23.319701	23.163907	22.965157	22.924095	22.922996	23.265002	23.387999	23.459816	23.727919	23.652049	23.650795	23.935182	24.124054	23.650113	23.554022	23.337329	23.303323	23.397584	23.408173	23.464069	23.597297	23.582068	23.476630	23.109649	23.001599	22.910548	22.924095
	23.684250	23.733140	23.655159	24.148127	23.859468	23.576783	23.366316	23.182275	22.990687	22.924230	23.110505	23.330105	23.388192	23.560098	23.792478	24.117093	23.651270	23.960153	24.139458	24.080867	23.684250	23.687161	23.494341	23.437845	23.408238	23.464069	23.680059	23.673261	23.479805	23.283892	23.088687	23.000274	22.924230
	23.684250	23.929960	23.780618	24.148170	23.964029	23.605180	23.385455	23.241842	22.996847	22.924230	23.110505	23.330105	23.388192	23.560098	23.935295	24.117093	23.651270	23.960754	24.139670	24.080927	23.684250	23.687161	23.494389	23.437854	23.408238	23.464128	23.680522	23.673261	23.480767	23.283892	23.088687	23.000274	22.924230
	23.684497	24.054660	23.837803	24.164420	23.979124	23.661033	23.564941	23.329821	23.012503	22.924230	23.120661	23.330488	23.714142	24.156191	23.935295	24.117667	24.087910	24.025902	24.207636	24.187256	23.684497	23.687603	23.494684	23.438075	23.408238	23.464128	23.680522	23.673749	23.480767	23.284514	23.088914	23.000452	22.924230
	23.684497	24.135913	23.851674	24.164874	24.076197	23.753807	23.596729	23.413558	23.100227	22.950796	23.120779	23.330488	23.714685	24.156550	24.194345	24.117667	24.087910	24.026397	24.208551	24.187702	23.684497	23.687603	23.494732	23.438084	23.408238	23.534900	23.790602	23.869904	23.507973	23.286612	23.088914	23.000452	22.950796
	24.257833	24.215503	24.179554	24.337527	24.104197	23.867327	23.599542	23.486864	23.194985	22.950796	23.171578	23.433103	23.797535	24.201202	24.194345	24.216346	24.088313	24.084562	24.275359	24.223853	24.257833	24.114404	23.755548	23.566308	23.408238	23.535971	23.790602	23.870043	23.507973	23.287539	23.089054	23.000837	22.950796
	24.257833	24.219376	24.265181	24.337896	24.159040	23.908115	23.771820	23.500707	23.201191	22.950796	23.172433	23.433103	23.797535	24.239679	24.194907	24.216586	24.088313	24.085033	24.275757	24.224297	24.257833	24.114409	23.755548	23.566354	23.408238	23.535972	23.791034	23.870043	23.508518	23.287539	23.089090	23.000955	22.950796
	24.258250	24.260580	24.372012	24.372160	24.178791	24.087849	23.788976	23.600288	23.224270	22.950941	23.216403	23.513772	23.830578	24.239679	24.194907	24.275040	24.088442	24.148803	24.319880	24.320370	24.258250	24.114737	23.755882	23.795838	23.922961	23.806373	23.846709	23.889299	23.863382	23.815472	23.705553	23.414498	22.950941
	24.258250	24.335817	24.381451	24.372400	24.226200	24.164556	23.930223	23.689250	23.234955	22.950941	23.216403	23.513843	23.830578	24.280800	24.297455	24.275040	24.088442	24.149239	24.320521	24.320751	24.258250	24.114743	23.755882	23.795838	23.922961	23.806373	23.846709	23.889299	23.863524	23.815718	23.705984	23.414498	22.950941
	24.366620	24.340176	24.413236	24.396333	24.243428	24.213199	23.947131	23.741619	23.245874	22.950941	23.217009	23.524100	23.917605	24.293508	24.328638	24.353975	24.088488	24.388200	24.364965	24.369813	24.366620	24.584063	24.031629	23.795894	23.922961	23.806692	23.846928	23.889450	23.863524	23.815718	23.705984	23.414833	22.950941
	24.366854	24.382733	24.495629	24.396701	24.294007	24.221429	23.986886	23.828689	23.291630	22.951426	23.217009	23.524790	23.918162	24.293508	24.385267	24.367187	24.088488	24.388462	24.365310	24.370050	24.366854	24.584353	24.031711	23.795894	23.922961	23.806699	23.846955	23.889498	23.943729	24.059207	24.029427	23.414833	22.951426
	24.713361	24.482927	24.497749	24.433063	24.309531	24.262090	24.108726	23.853013	23.390361	22.951426	23.251845	23.783768	23.979992	24.294053	24.385407	24.375880	24.394032	24.388499	24.378195	24.467006	24.713361	24.616312	24.260615	23.874148	23.922961	23.806843	23.847033	23.889498	23.943729	24.059246	24.242025	23.414968	22.951426
	24.713368	24.483336	24.505788	24.433491	24.447910	24.414984	24.242930	23.929742	23.429770	22.951426	23.251845	23.783843	23.980029	24.294053	24.603368	24.510120	24.394032	24.388810	24.378442	24.467357	24.713368	24.616350	24.260652	23.874613	23.922961	23.806843	23.847033	23.889507	23.943737	24.059395	24.242025	23.415069	22.951426
	24.713658	24.520490	24.524718	24.550421	24.458875	24.523443	24.260363	24.018570	23.456976	22.951583	23.503246	23.924681	24.100238	24.320366	24.603368	24.510255	24.394315	24.645070	24.430572	24.660783	24.713658	24.617238	24.261653	23.878260	23.923047	23.870560	24.086746	24.135222	23.943800	24.059395	24.242162	23.447829	22.951583
	24.713666	24.569928	24.597114	24.551105	24.850598	24.525020	24.262691	24.031492	23.509648	22.951583	23.503246	23.924681	24.261846	24.320366	24.727343	24.813009	24.394315	24.646032	24.430976	24.661496	24.713666	24.617279	24.261692	23.878299	23.923047	23.870560	24.086746	24.135222	23.943800	24.059512	24.242162	23.448461	22.951583
	24.959353	24.607810	24.684927	24.678176	24.851677	24.617488	24.282198	24.125521	23.604243	22.951583	23.640398	24.014275	24.383749	24.324436	24.727661	24.813152	24.956917	24.680516	24.823004	24.793366	24.959353	24.662436	24.311161	23.879423	23.923047	23.870939	24.087167	24.135370	23.943809	24.059512	24.242347	23.448461	22.951583
	24.959395	24.639250	24.734954	24.678518	24.942659	24.708360	24.506575	24.157112	23.958529	23.937562	23.957380	24.291849	24.383749	24.324872	24.825659	24.861790	24.956918	24.680720	24.823396	24.793679	24.959395	24.662436	24.311577	23.879466	23.923047	23.962843	24.273563	24.496823	24.300745	24.143486	24.242430	23.960556	23.937562
	24.960189	24.640247	24.809507	24.858270	25.014908	24.717950	24.520745	24.207903	24.309596	24.514902	24.315720	24.294584	24.384286	24.450044	24.825659	24.861790	24.957919	25.161655	24.904255	24.855847	24.960190	24.662793	24.556302	24.187900	23.923047	23.962843	24.273634	24.749453	24.757559	24.598683	24.250539	24.437120	24.514902
	24.960234	24.707542	24.810161	24.858433	25.033421	24.731458	24.579975	24.299797	24.377425	24.514902	24.315810	24.431487	24.384286	24.450057	24.898414	25.111018	24.957919	25.162722	24.904682	24.856120	24.960234	24.662793	24.556302	24.187900	23.923047	23.963176	24.273643	24.749453	24.757559	24.598683	24.250563	24.437192	24.514902
	25.032688	24.917728	24.830588	24.923216	25.108912	24.989098	24.592824	24.327747	24.383999	24.514902	24.377349	24.431487	24.623503	24.659388	24.898418	25.111218	25.460003	25.186786	24.981265	24.975370	25.032688	24.706717	24.556802	24.188589	23.923265	24.196789	24.679153	24.749629	24.758071	24.599191	24.250971	24.437746	24.514902
	25.032688	24.923270	24.857126	24.923835	25.124225	25.021947	24.594051	24.349064	24.386024	24.515025	24.470852	24.442413	24.623503	25.257557	25.366546	25.297645	25.460003	25.186835	24.981271	24.976018	25.032688	24.707077	24.556802	24.188589	23.923266	24.197424	24.679154	24.943555	25.389087	25.015702	24.250971	24.437746	24.515025
	25.033179	24.975436	24.914935	25.087834	25.197246	25.069131	24.834910	24.450167	24.419382	24.515025	24.470852	24.442413	24.773989	25.257557	25.366691	25.297645	25.460008	25.259165	25.163451	24.993115	25.033179	24.853932	24.573275	24.217540	23.923387	24.197495	24.679379	24.943555	25.389087	25.015702	24.251118	24.437862	24.515025
	25.033179	24.981942	24.928622	25.088048	25.213188	25.094822	24.911094	24.518373	24.528925	24.515025	24.471470	24.442966	25.150695	25.340675	25.425796	25.317286	25.460008	25.259209	25.163765	24.993352	25.033179	24.853932	24.573275	24.217540	23.923387	24.556890	24.724378	24.944077	25.389360	25.015799	24.251118	24.437862	24.515025
	25.049570	24.994760	24.948731	25.214494	25.225471	25.201333	25.004382	24.580554	24.529060	24.515664	24.471470	24.442966	25.163045	25.340675	25.425943	25.317302	25.460120	25.323138	25.244627	25.172639	25.049570	24.854401	24.573999	24.218092	23.923387	24.557009	24.948676	25.154857	25.520793	25.015799	24.490011	24.450014	24.515664
	25.049869	24.998586	24.954933	25.215550	25.236879	25.381783	25.129151	24.661726	24.534256	24.515664	24.658407	24.909173	25.163045	25.341028	25.429119	25.456486	25.460120	25.323478	25.245733	25.173646	25.049869	24.854401	24.573999	24.218092	23.923387	24.557009	24.949400	25.154921	25.520794	25.015940	24.490011	24.450014	24.515664
	25.181855	25.068570	25.004566	25.398159	25.412913	25.648392	25.251747	24.775038	24.610356	24.515664	24.658407	24.909174	25.163493	25.341028	25.429119	25.456486	25.460130	25.463072	25.267380	25.332938	25.181855	24.879823	24.615097	24.280283	23.923463	24.557018	24.949475	25.155064	25.520906	25.016026	24.490542	24.450610	24.515664
	25.181855	25.078920	25.100800	25.398538	25.418650	25.650783	25.307107	24.974559	24.695529	24.515724	24.659119	24.909751	25.163493	25.407639	25.429383	25.456655	25.460130	25.463151	25.267545	25.333597	25.181855	24.879944	24.615182	24.280384	23.923463	24.557176	25.120093	25.580364	25.520907	25.539883	25.195438	24.762962	24.515724
	25.182491	25.243991	25.189411	25.447449	25.457887	25.775451	25.309518	25.002041	24.703421	24.515724	24.659119	24.909751	25.275182	25.856363	25.429383	25.456655	25.706534	25.550405	25.554385	25.381271	25.182491	24.916425	24.815278	24.578050	23.923463	24.557176	25.120093	25.580364	25.520953	25.539883	25.195438	24.762962	24.515724
	25.182491	25.305870	25.234424	25.448162	25.625702	25.792764	25.580182	25.179483	24.751457	24.515724	24.696093	24.910912	25.275182	25.856363	25.674953	25.526738	25.706534	25.550464	25.554878	25.381307	25.182491	24.916425	24.815619	24.578169	23.923463	24.677416	25.120613	25.580421	25.521056	25.540289	25.195975	24.763663	24.515724
	25.185667	25.339953	25.276573	25.448511	25.739078	25.916915	26.106714	26.244111	26.282542	26.292882	26.284718	26.244159	26.125015	25.866410	25.767402	25.758744	25.706561	25.664664	25.563797	25.387540	25.185667	24.917118	24.971736	24.578564	23.923463	24.677512	25.199980	25.580530	25.776047	26.120363	26.240219	26.280141	26.292882
	25.185722	25.350122	25.430587	25.449061	25.743306	25.993334	26.156625	26.247910	26.287531	26.292952	26.284774	26.244239	26.125124	25.866544	25.767402	25.758957	25.706561	25.665063	25.563868	25.388114	25.185722	24.917118	24.971736	24.578686	23.923463	24.678054	25.200025	25.580530	25.776114	26.120429	26.258433	26.290876	26.292952
	25.548140	25.425817	25.556132	25.449565	25.764091	25.993983	26.192941	26.273248	26.291950	26.292952	26.293663	26.286799	26.249115	26.108100	25.993614	25.946331	25.706837	25.673680	25.566483	25.483683	25.548140	24.919466	24.971998	25.037789	25.229561	24.972982	25.200025	25.580545	25.776493	26.121058	26.258490	26.290925	26.292952
	25.548283	25.515914	25.693908	25.449568	25.855540	26.123653	26.240763	26.286277	26.294651	26.293959	26.294658	26.287696	26.249862	26.108248	25.993995	25.999659	25.706837	25.673865	25.566589	25.484088	25.548283	24.919536	24.971998	25.038174	25.229561	25.051317	25.200114	25.636719	26.056702	26.167784	26.259324	26.291888	26.293959
	25.596505	25.573323	25.732954	25.559676	25.903498	26.137706	26.685091	27.077871	27.309013	27.384096	27.317418	27.094478	26.691960	26.156350	26.046072	25.999659	25.706849	25.969637	25.686281	25.555268	25.596505	25.542343	25.241348	25.164342	25.229561	25.051317	25.200248	25.637533	26.236273	26.725631	27.087549	27.309330	27.384096
	25.596946	25.643365	25.810202	25.559803	25.984881	26.148558	26.718096	27.105287	27.319254	27.384096	27.317534	27.094610	26.692104	26.156917	26.085352	26.067460	25.706850	25.969912	25.687100	25.555402	25.596946	25.542796	25.241480	25.164342	25.229561	25.051641	25.200248	25.637613	26.237173	26.726607	27.088584	27.310402	27.384096
	26.194072	25.950655	25.823021	26.172914	26.058718	26.396195	26.825291	27.132928	27.320100	27.384228	27.326698	27.153862	26.874377	26.500265	26.085352	26.067495	26.215612	26.015303	26.122062	26.186183	26.194072	25.799550	25.241848	25.164481	25.229561	25.235333	25.375605	25.903061	26.237258	26.726696	27.088675	27.310496	27.384228
	26.194195	25.975308	25.850470	26.173253	26.197407	26.451832	26.838761	27.135365	27.322646	27.385180	27.328634	27.180735	26.965749	26.701577	26.399980	26.100411	26.215612	26.016237	26.122357	26.186556	26.194195	25.799682	25.241983	25.164481	25.229561	25.235333	25.375706	25.989428	26.498705	26.892154	27.168088	27.330635	27.385180
	26.194600	26.070734	25.936191	26.195609	26.477002	26.756362	27.001660	27.200171	27.334831	27.385321	27.328723	27.180810	26.965812	26.701630	26.400025	26.100411	26.216593	26.259039	26.219289	26.190643	26.194600	25.800057	25.475912	25.375995	25.229980	25.235821	25.376383	25.989530	26.498805	26.892250	27.168180	27.330724	27.385321
	26.194725	26.134764	26.149386	26.196439	26.532169	26.823508	27.061575	27.238392	27.347205	27.385321	27.353731	27.265123	27.123786	26.938782	26.719632	26.475827	26.216593	26.260022	26.220223	26.191399	26.194725	25.800191	25.476366	25.376438	25.229980	25.479474	25.708042	25.990337	26.499723	26.893250	27.169233	27.331803	27.385321
	28.730678	28.749155	28.739084	28.692659	28.070959	27.619425	27.818133	28.574354	29.445561	29.892497	29.414824	28.488190	27.637407	27.320623	27.730672	28.454202	28.930309	28.760695	28.694790	28.698972	28.730678	29.264946	29.851022	30.407085	30.892129	30.194750	29.465803	28.776779	28.286959	28.300006	28.831564	29.543936	29.892497
	28.730678	28.828863	28.990768	28.692809	28.343718	28.237817	28.495002	29.016485	29.632349	30.238120	29.878294	29.559828	29.302907	29.099536	28.634835	28.576133	28.930340	28.761011	28.695017	28.699080	28.730678	29.264946	29.851022	30.407086	30.892174	30.195019	29.466062	28.777039	28.287223	28.300194	28.831578	29.543937	30.238149
	28.730717	29.055004	29.140204	28.786810	28.720173	29.100461	29.155193	29.420216	29.806926	30.238219	29.878295	29.559828	29.302908	29.100358	28.635423	28.576386	28.930455	28.878237	28.835882	28.769980	28.730717	29.265029	29.851191	30.407317	30.892224	30.195019	29.466063	28.777039	28.287223	28.300194	28.831578	29.544099	30.238218
	28.730718	29.253530	29.149904	28.787089	29.031476	29.145180	29.643420	29.782207	29.936670	30.238340	29.878526	29.559949	29.302978	29.118571	29.004675	28.947189	28.930587	28.878611	28.836290	28.770195	28.730717	29.265030	29.851192	30.407317	30.892296	30.607818	30.252826	29.978040	29.976524	30.287160	30.077823	29.940315	30.238329
	29.790559	29.405306	29.269359	29.398706	29.186750	29.385674	29.807301	30.064930	29.979055	30.238443	29.878527	29.559949	29.302979	29.118636	29.004739	28.947219	28.930696	28.986286	29.124928	29.556784	29.790559	29.862438	30.109449	30.468463	30.892316	30.608184	30.253122	29.978233	29.976590	30.290000	30.414973	30.287835	30.238422
	29.791139	29.614866	29.585507	29.399067	29.286839	29.497036	29.913557	30.090456	30.130700	30.238493	29.934241	30.055689	29.783960	29.118671	29.004783	28.947269	28.930725	28.986873	29.125304	29.557137	29.791139	29.863014	30.110021	30.469034	30.892417	30.608359	30.253230	29.978541	29.977061	30.290137	30.415071	30.287888	30.238473
